0 1
1 1
2 1
3 1
4 5
5 20
6 200625
7 200625
8 200625
9 200625
10 200625
11 200625
12 200625
13 200625
14 1
15 1
16 1
17 1
18 1
19 1
20 1
21 1
22 1
23 1
24 1
25 1
26 1
27 1
28 121
29 121
30 1
31 1
32 3
33 1
34 1
35 1
36 3
37 3
38 3
39 1
40 26
41 5
42 15
43 40
44 460
45 2
46 1
47 114
48 24
49 24
50 1
51 1
52 1
53 1
54 5
55 5
56 8
57 8
58 1
59 1
60 16
61 16
62 1
63 1
64 80
65 80
66 1
67 1
68 1
69 1
70 1
71 1
72 1
73 1
74 1
75 1
76 1
77 5
78 1
79 1
80 1
81 1
82 1
83 1
84 1
85 1
86 1
87 1
88 1
89 1
90 1
91 1
92 1
93 1
94 1
95 1
96 1
97 1
98 1
99 1
100 1
101 1
102 1
103 1
104 1
105 1
106 1
107 1
108 1
109 1
110 1
111 1
112 1
113 1
114 1
115 1
116 1
117 1
118 1
119 1
120 1
121 14
122 14
123 1
124 1
125 1
126 1
127 1
128 1
129 1
130 1
131 1
132 1
133 1
134 1
135 1
136 1
137 1
138 1
139 1
140 1
141 1
142 1
143 1
144 1
145 1
146 1
147 1
148 1
149 1
150 1
151 1
152 1
153 1
154 1
155 1
156 1
157 1
158 1
159 1
160 1
161 1
162 1
163 1
164 1
165 1
166 1
167 1
168 1
169 1
170 1
171 1
172 1
173 1
174 1
175 432
176 432
177 1
178 1
179 1
180 1
181 1
182 1
183 1
184 1
185 1
186 1
187 1
188 1
189 1
190 1
191 1
192 1
193 1
194 1
195 1
196 1
197 39
198 39
199 1
200 1
201 1
202 1
203 1
204 1
205 1
206 1
207 1
208 1
209 1
210 1
211 1
212 1
213 1
214 1
215 1
216 1
217 1
218 1
219 1
220 1
221 3
222 3
223 300
224 300
225 1
226 1
227 10
228 10
229 2
230 2
231 175
232 175
233 4
234 4
235 1
236 1
237 1
238 1
239 1
240 1
241 750
242 750
243 1
244 1
245 1
246 1
247 1
248 1
249 1
250 1
251 1
252 1
253 1
254 1
255 1
256 1
257 1
258 1
259 1
260 1
261 1
262 1
263 1
264 1
265 1
266 1
267 1
268 1
269 1
270 1
271 1
272 1
273 1
274 1
275 1
276 1
277 1
278 1
279 1
280 1
281 1
282 1
283 1
284 1
285 1
286 1
287 1
288 1
289 1
290 1
291 1
292 1
293 1
294 1
295 1
296 1
297 1
298 1
299 300
300 1
301 20
302 20
303 5
304 5
305 20
306 20
307 5
308 5
309 5
310 5
311 5
312 5
313 3
314 2
315 6
316 6
317 6
318 6
319 1
320 1
321 16
322 16
323 1
324 1
325 10
326 10
327 10
328 10
329 88
330 88
331 36
332 36
333 7
334 7
335 7
336 7
337 1
338 1
339 26
340 26
341 49
342 49
343 1
344 1
345 1
346 1
347 6
348 6
349 1
350 1
351 1
352 1
353 26
354 26
355 23
356 23
357 1
358 1
359 1
360 1
361 126
362 126
363 1
364 1
365 270
366 270
367 1
368 1
369 1
370 1
371 400
372 400
373 400
374 400
375 1
376 1
377 150
378 150
379 107
380 107
381 1
382 1
383 1
384 1
385 386
386 386
387 1
388 1
389 1
390 1
391 1
392 1
393 1
394 1
395 1
396 1
397 1
398 1
399 1
400 1
401 200
402 200
403 1
404 1
405 1
406 1
407 1
408 1
409 1
410 1
411 44
412 44
413 1
414 1
415 1
416 1
417 1
418 1
419 1
420 1
421 1
422 1
423 1
424 1
425 1
426 1
427 1
428 1
429 1
430 1
431 30
432 1
433 1
434 1
435 1
436 4
437 4
438 4
439 4
440 25
441 25
442 112
443 112
444 225
445 225
446 1
447 243
448 243
449 1
450 1
451 1
452 1
453 67
454 67
455 1
456 1
457 1
458 1
459 1
460 1
461 1
462 1
463 1
464 1
465 1
466 1
467 1
468 1
469 1
470 1
471 1
472 1
473 1
474 1
475 1
476 1
477 1
478 1
479 1
480 1
481 1
482 1
483 1
484 1
485 1
486 1
487 1
488 1
489 1
490 1
491 1
492 1
493 1
494 1
495 1
496 1
497 1
498 1
499 1
500 1
501 1
502 1
503 1
504 1
505 1
506 1
507 1
508 1
509 1
510 1
511 1
512 1
513 1
514 1
515 1
516 1
517 1
518 1
519 1
520 1
521 1
522 1
523 1
524 1
525 1
526 1
527 1
528 1
529 1
530 1
531 1
532 1
533 1
534 1
535 1
536 1
537 1
538 1
539 1
540 1
541 1
542 1
543 1
544 1
545 1
546 1
547 1
548 1
549 1
550 1
551 1
552 1
553 1
554 4
555 4
556 4
557 4
558 3
559 3
560 180
561 1
562 90
563 250
564 50
565 550
566 410
567 1
568 1
569 1
570 1
571 1
572 1
573 1
574 1
575 1
576 1
577 4
578 4
579 2
580 2
581 1
582 1
583 10
584 10
585 10
586 10
587 1
588 1
589 1
590 1
591 1
592 1
593 1
594 1
595 4
596 4
597 4
598 1
599 1
600 1
601 1
602 1
603 1
604 1
605 1
606 1
607 1
608 100
609 1
610 1
611 1
612 1
613 1
614 1
615 1
616 1200
617 1
618 1
619 1
620 1
621 1
622 1
623 1
624 1
625 1
626 200
627 200
628 200
629 200
630 200
631 200
632 200
633 200
634 200
635 200
636 180
637 180
638 180
639 180
640 180
641 180
642 180
643 180
644 180
645 180
646 180
647 180
648 180
649 180
650 180
651 180
652 180
653 180
654 180
655 180
656 160
657 160
658 160
659 160
660 160
661 160
662 160
663 160
664 160
665 160
666 1
667 1
668 1
669 1
670 1
671 1
672 1
673 1
674 1
675 1
676 1
677 1
678 1
679 1
680 1
681 1
682 1
683 1
684 1
685 1
686 1
687 1
688 1
689 1
690 1
691 1
692 1
693 1
694 1
695 1
696 1
697 1
698 1
699 1
700 1
701 1
702 1
703 1
704 1
705 1
706 1
707 1
708 1
709 1
710 1
711 1
712 10
713 1
714 1
715 1
716 1
717 1
718 1
719 1
720 1
721 1
722 1
723 1
724 1
725 1
726 1
727 1
728 1
729 1
730 1
731 1
732 1
733 1
734 1
735 1
736 1
737 1
738 1
739 1
740 160
741 1
742 1
743 1
744 1
745 1
746 1
747 1
748 1
749 1
750 1
751 1
752 1
753 1
754 1
755 1
756 1
757 1
758 1
759 1
760 1
761 1
762 1
763 1
764 100
765 1
766 100
767 1
768 1
769 1
770 1
771 1
772 1
773 1
774 1
775 1
776 1
777 1
778 1
779 1
780 1
781 1
782 1
783 1
784 1
785 1
786 1
787 1
788 1
789 1
790 1
791 1
792 1
793 1
794 1
795 1
796 1
797 1
798 1
799 1
800 1
801 1
802 1
803 1
804 1
805 1
806 1
807 1
808 1
809 1
810 1
811 1
812 1
813 1
814 1
815 1
816 1
817 1
818 1
819 1
820 1
821 1
822 1
823 1
824 1
825 6
826 8
827 37
828 79
829 100
830 624
831 1
832 1
833 1
834 1
835 1
836 1
837 70
838 70
839 80
840 80
841 50
842 50
843 100
844 100
845 160
846 160
847 406
848 406
849 200
850 200
851 640
852 640
853 400
854 400
855 1
856 1
857 1
858 1
859 1
860 1
861 1
862 1
863 3
864 14
865 25
866 1
867 1
868 1
869 15
870 1
871 1
872 1
873 1
874 1
875 1
876 1
877 1
878 1
879 1
880 1
881 1
882 6
883 1
884 5
885 1
886 12
887 1
888 76
889 1
890 1
891 1
892 400
893 1
894 1
895 1
896 1
897 1
898 1
899 1
900 1
901 1
902 1
903 1
904 1
905 1
906 1
907 1
908 1
909 1
910 1
911 1
912 1
913 1
914 1
915 1
916 1
917 1
918 1
919 1
920 1
921 1
922 1
923 1
924 1
925 1
926 1
927 1
928 1
929 1
930 1
931 1
932 1
933 1
934 1
935 1
936 1
937 1
938 1
939 1
940 1
941 1
942 1
943 1
944 1
945 1
946 25
947 25
948 4
949 4
950 55
951 55
952 1
953 1
954 23
955 23
956 1
957 1
958 150
959 150
960 1
961 1
962 1
963 1
964 1
965 1
966 1
967 1
968 1
969 1
970 15
971 15
972 15
973 67
974 67
975 60
976 60
977 1
978 1
979 1
980 1
981 1
982 1
983 1
984 1
985 1
986 1
987 1
988 1
989 1
990 1
991 1
992 1
993 1
994 1
995 1
996 1
997 1
998 1
999 1
1000 1
1001 1
1002 1
1003 1
1004 1
1005 2
1006 2
1007 2
1008 2
1009 1
1010 1
1011 2
1012 2
1013 3
1014 3
1015 2
1016 2
1017 1
1018 1
1019 1
1020 1
1021 41
1022 41
1023 1
1024 1
1025 3
1026 3
1027 1
1028 1
1029 1
1030 1
1031 1
1032 1
1033 1
1034 1
1035 1
1036 1
1037 1
1038 1
1039 1
1040 1
1041 1
1042 1
1043 1
1044 1
1045 1
1046 1
1047 1
1048 1
1049 1
1050 1
1051 1
1052 675
1053 1
1054 1
1055 1
1056 1
1057 1
1058 1
1059 6
1060 6
1061 6
1062 6
1063 16
1064 16
1065 2500
1066 2500
1067 280
1068 280
1069 1000
1070 1000
1071 2600
1072 2600
1073 6400
1074 6400
1075 80
1076 80
1077 1920
1078 1920
1079 64000
1080 64000
1081 280
1082 280
1083 1000
1084 1000
1085 2600
1086 2600
1087 80
1088 80
1089 1920
1090 1920
1091 6400
1092 6400
1093 64000
1094 64000
1095 23
1096 23
1097 750
1098 750
1099 3900
1100 3900
1101 210
1102 210
1103 60
1104 60
1105 750
1106 750
1107 1440
1108 1440
1109 1950
1110 1950
1111 4800
1112 4800
1113 50000
1114 50000
1115 560
1116 560
1117 160
1118 160
1119 2000
1120 2000
1121 5200
1122 5200
1123 21632
1124 21632
1125 3840
1126 3840
1127 84500
1128 84500
1129 21
1130 21
1131 170
1132 170
1133 850
1134 850
1135 10140
1136 10140
1137 84
1138 84
1139 24
1140 24
1141 381
1142 381
1143 780
1144 780
1145 1920
1146 1920
1147 1
1148 1
1149 1
1150 1
1151 530
1152 530
1153 154
1154 154
1155 44
1156 44
1157 550
1158 550
1159 1430
1160 1430
1161 3520
1162 3520
1163 1
1164 1
1165 1372
1166 1372
1167 24
1168 24
1169 1
1170 1
1171 20
1172 20
1173 19
1174 19
1175 168
1176 168
1177 600
1178 600
1179 460
1180 460
1181 1560
1182 1560
1183 1536
1184 1536
1185 1
1186 1
1187 1
1188 1
1189 69
1190 69
1191 238
1192 238
1193 850
1194 850
1195 2171
1196 2171
1197 1
1198 1
1199 6908
1200 6908
1201 1
1202 1
1203 35
1204 35
1205 10
1206 10
1207 125
1208 125
1209 325
1210 325
1211 800
1212 800
1213 8000
1214 8000
1215 30000
1216 30000
1217 240
1218 240
1219 1
1220 1
1221 1
1222 1
1223 1
1224 1
1225 1
1226 1
1227 1
1228 1
1229 1
1230 1
1231 1
1232 1
1233 240
1234 240
1235 1
1236 1
1237 1
1238 1
1239 1
1240 1
1241 1
1242 1
1243 1
1244 1
1245 1
1246 1
1247 1
1248 1
1249 1
1250 1
1251 1
1252 1
1253 1
1254 1
1255 1
1256 1
1257 1
1258 1
1259 1
1260 1
1261 1
1262 1
1263 1
1264 1
1265 1
1266 1
1267 1
1268 1
1269 500
1270 500
1271 3200
1272 3200
1273 1300
1274 1300
1275 32000
1276 32000
1277 26
1278 26
1279 91
1280 91
1281 325
1282 325
1283 624
1284 624
1285 845
1286 845
1287 2080
1288 2080
1289 20800
1290 20800
1291 40
1292 40
1293 140
1294 140
1295 500
1296 500
1297 960
1298 960
1299 1300
1300 1300
1301 3200
1302 3200
1303 32000
1304 32000
1305 100000
1306 100000
1307 80
1308 80
1309 280
1310 280
1311 1000
1312 1000
1313 1920
1314 1920
1315 2600
1316 2600
1317 6400
1318 6400
1319 1
1320 1
1321 32
1322 32
1323 112
1324 112
1325 400
1326 400
1327 1
1328 1
1329 1040
1330 1040
1331 1
1332 1
1333 1
1334 1
1335 224
1336 224
1337 59
1338 59
1339 832
1340 832
1341 1274
1342 1274
1343 2158
1344 2158
1345 5356
1346 5356
1347 41500
1348 41500
1349 56
1350 56
1351 16
1352 16
1353 200
1354 200
1355 1
1356 1
1357 1
1358 1
1359 1
1360 1
1361 1
1362 1
1363 182
1364 182
1365 650
1366 650
1367 1248
1368 1248
1369 1690
1370 1690
1371 4160
1372 4160
1373 1
1374 1
1375 52
1376 52
1377 200000
1378 200000
1379 15
1380 15
1381 1500
1382 1500
1383 1500
1384 1500
1385 1500
1386 1500
1387 1500
1388 1500
1389 200
1390 200
1391 7000
1392 7000
1393 1
1394 1
1395 1
1396 1
1397 7000
1398 7000
1399 1
1400 1
1401 1
1402 1
1403 1
1404 1
1405 1
1406 1
1407 1
1408 1
1409 1
1410 1
1411 1
1412 1
1413 1
1414 1
1415 1
1416 1
1417 1
1418 1
1419 1
1420 63
1421 63
1422 7
1423 7
1424 225
1425 225
1426 1
1427 1
1428 585
1429 585
1430 1440
1431 1440
1432 14400
1433 14400
1434 1
1435 1
1436 70
1437 70
1438 1
1439 1
1440 1
1441 1
1442 1
1443 1
1444 1
1445 1
1446 1
1447 1
1448 1
1449 1
1450 1
1451 1
1452 1
1453 1
1454 1
1455 1
1456 1
1457 1
1458 1000
1459 1
1460 1
1461 1
1462 1
1463 1
1464 1
1465 1
1466 1
1467 1
1468 1
1469 1
1470 1
1471 1
1472 1
1473 1
1474 1
1475 1
1476 1
1477 1
1478 1
1479 1
1480 1
1481 1
1482 1
1483 1
1484 1
1485 1
1486 1
1487 1
1488 1
1489 1
1490 1
1491 1
1492 1
1493 1
1494 1
1495 5000
1496 1
1497 1
1498 1
1499 1
1500 1
1501 1
1502 1
1503 1
1504 1
1505 1
1506 1
1507 1
1508 1
1509 1
1510 1
1511 1
1512 1
1513 1
1514 1
1515 1
1516 1
1517 1
1518 1
1519 1
1520 1
1521 2
1522 2
1523 20
1524 20
1525 1
1526 1
1527 1
1528 1
1529 1
1530 1
1531 1
1532 1
1533 1
1534 1
1535 1
1536 1
1537 1
1538 1
1539 3
1540 26
1541 26
1542 1
1543 1
1544 1
1545 1
1546 1
1547 1
1548 1
1549 1
1550 3
1551 3
1552 1
1553 1
1554 1
1555 1
1556 1
1557 1
1558 1
1559 1
1560 1
1561 1
1562 1
1563 1
1564 1
1565 1
1566 1
1567 1
1568 1
1569 1
1570 1
1571 1
1572 1
1573 1
1574 1
1575 1
1576 1
1577 1
1578 1
1579 1
1580 1
1581 1
1582 1
1583 1
1584 1
1585 1
1586 1
1587 1
1588 1
1589 1
1590 1
1591 1
1592 5
1593 5
1594 1
1595 5
1596 5
1597 5
1598 5
1599 5
1600 5
1601 1
1602 1
1603 1500
1604 1500
1605 350
1606 350
1607 250
1608 250
1609 1
1610 1
1611 1
1612 1
1613 1
1614 1
1615 4800
1616 4800
1617 1
1618 1
1619 1
1620 1
1621 50
1622 50
1623 25
1624 25
1625 1
1626 1
1627 15
1628 15
1629 1
1630 1
1631 1
1632 1
1633 1
1634 1
1635 1
1636 1
1637 1
1638 1
1639 1
1640 1
1641 2025
1642 2025
1643 3172
1644 3172
1645 7750
1646 7750
1647 1
1648 1
1649 1
1650 1
1651 2025
1652 3172
1653 7750
1654 1
1655 1
1656 1
1657 1
1658 1
1659 1
1660 1
1661 1
1662 1
1663 1
1664 1
1665 1
1666 1
1667 1
1668 1
1669 1
1670 1
1671 1
1672 1
1673 1
1674 1
1675 1
1676 1
1677 1
1678 1
1679 1
1680 1
1681 2467
1682 2467
1683 1
1684 1
1685 1
1686 1
1687 1
1688 1
1689 1
1690 3307
1691 1
1692 1
1693 1
1694 1
1695 1
1696 1
1697 1
1698 1
1699 1
1700 3307
1701 3307
1702 1
1703 1
1704 1
1705 1
1706 1
1707 1
1708 1
1709 1
1710 1
1711 1
1712 1
1713 1
1714 1
1715 1
1716 1
1717 1
1718 1
1719 1
1720 1
1721 1
1722 120
1723 120
1724 1
1725 1
1726 1
1727 1
1728 1
1729 1
1730 1
1731 1
1732 1
1733 1
1734 4
1735 1
1736 1
1737 1
1738 1
1739 1
1740 1
1741 1
1742 1
1743 1
1744 1
1745 1
1746 1
1747 1
1748 1
1749 1
1750 1
1751 1
1752 1
1753 1
1754 1
1755 1
1756 1
1757 2
1758 2
1759 3
1760 3
1761 1
1762 1
1763 6
1764 6
1765 6
1766 6
1767 6
1768 6
1769 6
1770 6
1771 6
1772 6
1773 6
1774 6
1775 1
1776 1
1777 1
1778 1
1779 75
1780 75
1781 5
1782 5
1783 200
1784 200
1785 5
1786 5
1787 1
1788 1
1789 1
1790 1
1791 1
1792 1
1793 15
1794 1
1795 1
1796 1
1797 1
1798 1
1799 1
1800 1
1801 1
1802 1
1803 1
1804 1
1805 1
1806 1
1807 1
1808 1
1809 1
1810 1
1811 1
1812 1
1813 1
1814 1
1815 1
1816 1
1817 1
1818 1
1819 1
1820 1
1821 1
1822 1
1823 1
1824 1
1825 1
1826 1
1827 1
1828 1
1829 1
1830 1
1831 1
1832 1
1833 40
1834 40
1835 40
1836 40
1837 20
1838 20
1839 1
1840 1
1841 1
1842 1
1843 1
1844 1
1845 1
1846 1
1847 1
1848 1
1849 1
1850 1
1851 1
1852 1
1853 1
1854 5
1855 1
1856 1
1857 1
1858 1
1859 1
1860 1
1861 1
1862 1
1863 9
1864 9
1865 1
1866 1
1867 1
1868 1
1869 1
1870 1
1871 1
1872 1
1873 1
1874 1
1875 1
1876 1
1877 1
1878 1
1879 1
1880 1
1881 1
1882 1
1883 1
1884 1
1885 1
1886 1
1887 10
1888 10
1889 1
1890 1
1891 50
1892 50
1893 1
1894 1
1895 1
1896 1
1897 1
1898 1
1899 1
1900 1
1901 1
1902 1
1903 1
1904 1
1905 3
1906 3
1907 3
1908 3
1909 2
1910 2
1911 2
1912 2
1913 3
1914 3
1915 3
1916 3
1917 1
1918 1
1919 1
1920 1
1921 4
1922 4
1923 5
1924 5
1925 2
1926 2
1927 12
1928 12
1929 1
1930 1
1931 1
1932 1
1933 2
1934 2
1935 1
1936 1
1937 1
1938 1
1939 1
1940 60
1941 60
1942 1
1943 1
1944 1
1945 1
1946 2
1947 1
1948 1
1949 2
1950 2
1951 3
1952 3
1953 1
1954 1
1955 1
1956 1
1957 12
1958 12
1959 1
1960 1
1961 1
1962 1
1963 2
1964 2
1965 1
1966 1
1967 1
1968 1
1969 1
1970 1
1971 1
1972 1
1973 10
1974 10
1975 20
1976 20
1977 1
1978 10
1979 10
1980 1
1981 1
1982 25
1983 25
1984 1
1985 1
1986 1
1987 1
1988 1
1989 1
1990 1
1991 1
1992 1
1993 1
1994 1
1995 1
1996 1
1997 1
1998 1
1999 1
2000 1
2001 1
2002 1
2003 1
2004 1
2005 1
2006 1
2007 230
2008 230
2009 1
2010 1
2011 1
2012 1
2013 1
2014 1
2015 5
2016 5
2017 5
2018 5
2019 2
2020 2
2021 6
2022 6
2023 5
2024 5
2025 2
2026 1
2027 1
2028 30
2029 30
2030 30
2031 30
2032 30
2033 30
2034 30
2035 30
2036 30
2037 30
2038 30
2039 30
2040 30
2041 30
2042 1
2043 1
2044 1
2045 1
2046 1
2047 1
2048 12
2049 12
2050 1
2051 1
2052 1
2053 1
2054 28
2055 28
2056 1
2057 1
2058 1
2059 1
2060 1
2061 1
2062 1
2063 1
2064 30
2065 30
2066 1
2067 1
2068 1
2069 1
2070 1
2071 1
2072 1
2073 1
2074 28
2075 28
2076 1
2077 1
2078 1
2079 1
2080 28
2081 28
2082 1
2083 1
2084 1
2085 1
2086 1
2087 1
2088 1
2089 1
2090 1
2091 1
2092 28
2093 28
2094 1
2095 1
2096 1
2097 1
2098 1
2099 1
2100 1
2101 1
2102 2
2103 2
2104 1
2105 1
2106 1
2107 1
2108 2
2109 2
2110 1
2111 1
2112 1
2113 1
2114 2
2115 2
2116 1
2117 1
2118 1
2119 1
2120 2
2121 2
2122 1
2123 1
2124 1
2125 1
2126 4
2127 4
2128 2
2129 2
2130 2
2131 2
2132 1
2133 1
2134 1
2135 1
2136 8
2137 8
2138 60
2139 60
2140 5
2141 5
2142 5
2143 5
2144 1
2145 1
2146 1
2147 1
2148 1
2149 1
2150 1
2151 1
2152 1
2153 1
2154 1
2155 1
2156 1
2157 1
2158 1
2159 1
2160 1
2161 1
2162 1
2163 1
2164 1
2165 10
2166 10
2167 1
2168 1
2169 2
2170 2
2171 2
2172 2
2173 1
2174 1
2175 1
2176 1
2177 1
2178 1
2179 1
2180 1
2181 1
2182 1
2183 1
2184 1
2185 1
2186 1
2187 1
2188 1
2189 1
2190 1
2191 1
2192 1
2193 1
2194 1
2195 1
2196 1
2197 1
2198 1
2199 1
2200 1
2201 1
2202 1
2203 1
2204 1
2205 80
2206 80
2207 1
2208 1
2209 70
2210 70
2211 1
2212 1
2213 70
2214 70
2215 1
2216 1
2217 1
2218 1
2219 195
2220 195
2221 195
2222 195
2223 195
2224 195
2225 195
2226 195
2227 195
2228 195
2229 450
2230 450
2231 1
2232 1
2233 1
2234 1
2235 1
2236 1
2237 70
2238 70
2239 70
2240 70
2241 80
2242 80
2243 80
2244 80
2245 1
2246 1
2247 1
2248 1
2249 1
2250 1
2251 1
2252 1
2253 1
2254 1
2255 78
2256 78
2257 1
2258 1
2259 1
2260 1
2261 1
2262 1
2263 1
2264 1
2265 1
2266 1
2267 1
2268 1
2269 1
2270 1
2271 1
2272 1
2273 1
2274 1
2275 1
2276 1
2277 1
2278 1
2279 1
2280 1
2281 1
2282 1
2283 30
2284 30
2285 1
2286 1
2287 1
2288 1
2289 200
2290 200
2291 1
2292 1
2293 1
2294 1
2295 1
2296 1
2297 1
2298 1
2299 1
2300 1
2301 1
2302 1
2303 1
2304 1
2305 1
2306 1
2307 1
2308 1
2309 12
2310 12
2311 1
2312 1
2313 3
2314 3
2315 1
2316 1
2317 1
2318 1
2319 1
2320 1
2321 1
2322 1
2323 140
2324 140
2325 1
2326 1
2327 16
2328 16
2329 1
2330 1
2331 16
2332 16
2333 1
2334 1
2335 140
2336 140
2337 1
2338 1
2339 1
2340 1
2341 1
2342 1
2343 1
2344 1
2345 1
2346 1
2347 1
2348 1
2349 10
2350 10
2351 1
2352 1
2353 1
2354 1
2355 225
2356 225
2357 1
2358 1
2359 120
2360 120
2361 1
2362 1
2363 1
2364 1
2365 1
2366 1
2367 1
2368 750000
2369 750000
2370 1
2371 1
2372 1
2373 1
2374 1
2375 1
2376 1
2377 1
2378 1
2379 1
2380 1
2381 1
2382 1
2383 1
2384 1
2385 1
2386 1
2387 1
2388 1
2389 2
2390 2
2391 1
2392 1
2393 1
2394 1
2395 1
2396 1
2397 1
2398 1
2399 1
2400 1
2401 1
2402 1
2403 1
2404 1
2405 1
2406 1
2407 1
2408 1
2409 1
2410 1
2411 1
2412 1
2413 1
2414 1
2415 80000
2416 1
2417 80000
2418 1
2419 1
2420 1
2421 1
2422 1
2423 1
2424 1
2425 1
2426 1
2427 1
2428 1
2429 1
2430 1
2431 1
2432 1
2433 1
2434 1
2435 1
2436 1
2437 1
2438 1
2439 1
2440 1
2441 1
2442 1
2443 1
2444 1
2445 1
2446 1
2447 1
2448 1
2449 1
2450 1
2451 1
2452 1
2453 1
2454 1
2455 1
2456 1
2457 1
2458 1
2459 1
2460 1
2461 1
2462 1
2463 1
2464 1
2465 1
2466 1
2467 1
2468 1
2469 1
2470 1
2471 1
2472 15
2473 15
2474 1
2475 1
2476 1
2477 1
2478 1
2479 1
2480 1
2481 1
2482 1
2483 1
2484 1
2485 1
2486 1
2487 1
2488 1
2489 1
2490 1
2491 1
2492 1
2493 1
2494 1
2495 1
2496 1
2497 7899
2498 7899
2499 1
2500 1
2501 1
2502 1
2503 17120
2504 17120
2505 1
2506 1
2507 1
2508 1
2509 1
2510 1
2511 1
2512 1
2513 1
2514 6
2515 6
2516 2
2517 2
2518 1
2519 1
2520 1
2521 1
2522 1
2523 1
2524 1
2525 1
2526 1
2527 1
2528 1
2529 1
2530 1
2531 1
2532 1
2533 1
2534 1
2535 1
2536 1
2537 1
2538 1
2539 1
2540 1
2541 1
2542 1
2543 1
2544 1
2545 1
2546 1
2547 1
2548 1
2549 1
2550 1
2551 1
2552 1
2553 1
2554 1
2555 1
2556 1
2557 1
2558 1
2559 1
2560 1
2561 1
2562 1
2563 1
2564 1
2565 1
2566 1
2567 1
2568 1500
2569 1500
2570 204
2571 204
2572 1
2573 1
2574 1
2575 1
2576 1
2577 1
2578 1
2579 1
2580 1
2581 1
2582 1
2583 1
2584 1
2585 1
2586 1
2587 1
2588 1
2589 1
2590 1
2591 1
2592 1
2593 1
2594 1
2595 1
2596 1
2597 1
2598 1
2599 1
2600 1
2601 1
2602 1
2603 1
2604 1
2605 1
2606 1
2607 1
2608 1
2609 1
2610 1
2611 1
2612 1
2613 1
2614 1
2615 1
2616 1
2617 1
2618 1
2619 1
2620 1
2621 1
2622 1
2623 1
2624 1
2625 1
2626 1
2627 35000
2628 35000
2629 1
2630 1
2631 1
2632 1
2633 1
2634 1
2635 1
2636 1
2637 1
2638 1
2639 1
2640 1
2641 1
2642 1
2643 1
2644 1
2645 1
2646 1
2647 1
2648 1
2649 1
2650 1
2651 1
2652 1
2653 1
2654 1
2655 1
2656 1
2657 1
2658 1
2659 1
2660 1
2661 1
2662 1
2663 1
2664 1
2665 1
2666 1
2667 1
2668 1
2669 1
2670 1
2671 1
2672 1
2673 1
2674 1
2675 1
2676 1
2677 1
2678 1
2679 1
2680 1
2681 1
2682 1
2683 1
2684 1
2685 1
2686 1
2687 1
2688 1
2689 1
2690 1
2691 1
2692 1
2693 1
2694 1
2695 1
2696 1
2697 1
2698 1
2699 1
2700 1
2701 1
2702 1
2703 1
2704 1
2705 1
2706 1
2707 1
2708 1
2709 1
2710 1
2711 1
2712 1
2713 1
2714 1
2715 1
2716 1
2717 1
2718 1
2719 1
2720 1
2721 1
2722 1
2723 1
2724 1
2725 1
2726 1
2727 1
2728 1
2729 1
2730 1
2731 1
2732 1
2733 1
2734 1
2735 1
2736 1
2737 1
2738 1
2739 1
2740 1
2741 1
2742 1
2743 1
2744 1
2745 1
2746 1
2747 1
2748 1
2749 1
2750 1
2751 1
2752 1
2753 1
2754 1
2755 1
2756 1
2757 1
2758 1
2759 1
2760 1
2761 1
2762 1
2763 1
2764 1
2765 1
2766 1
2767 1
2768 1
2769 1
2770 1
2771 1
2772 1
2773 1
2774 1
2775 1
2776 1
2777 1
2778 1
2779 1
2780 1
2781 1
2782 1
2783 1
2784 1
2785 1
2786 1
2787 1
2788 1
2789 1
2790 1
2791 1
2792 1
2793 1
2794 1
2795 1
2796 1
2797 1
2798 1
2799 1
2800 1
2801 10000
2802 1
2803 10000
2804 1
2805 10000
2806 1
2807 10000
2808 1
2809 10000
2810 1
2811 10000
2812 1
2813 10000
2814 1
2815 10000
2816 1
2817 10000
2818 1
2819 10000
2820 1
2821 10000
2822 1
2823 10000
2824 1
2825 10000
2826 1
2827 10000
2828 1
2829 10000
2830 1
2831 10000
2832 1
2833 10000
2834 1
2835 10000
2836 1
2837 10000
2838 1
2839 10000
2840 1
2841 10000
2842 1
2843 10000
2844 1
2845 10000
2846 1
2847 10000
2848 10000
2849 10000
2850 1
2851 10000
2852 1
2853 10000
2854 1
2855 10000
2856 10000
2857 10000
2858 10000
2859 1
2860 1
2861 5
2862 4
2863 4
2864 1
2865 1
2866 1
2867 1
2868 1
2869 1
2870 1
2871 1
2872 1
2873 1
2874 1
2875 1
2876 1
2877 1
2878 1
2879 1
2880 1
2881 1
2882 1
2883 1
2884 1
2885 1
2886 1
2887 1
2888 1
2889 1
2890 1
2891 1
2892 1
2893 1
2894 650
2895 650
2896 650
2897 650
2898 650
2899 650
2900 650
2901 650
2902 650
2903 650
2904 650
2905 650
2906 650
2907 650
2908 650
2909 650
2910 650
2911 650
2912 650
2913 650
2914 650
2915 650
2916 650
2917 650
2918 650
2919 650
2920 650
2921 650
2922 650
2923 650
2924 650
2925 650
2926 650
2927 650
2928 650
2929 650
2930 650
2931 650
2932 650
2933 650
2934 650
2935 650
2936 650
2937 650
2938 650
2939 650
2940 650
2941 650
2942 650
2943 650
2944 1
2945 1
2946 1
2947 1
2948 1
2949 1
2950 1
2951 1
2952 1
2953 1
2954 1
2955 5
2956 5
2957 1
2958 1
2959 1
2960 1
2961 1
2962 1
2963 1
2964 1
2965 1
2966 1
2967 1
2968 1
2969 1
2970 1
2971 1
2972 1
2973 1
2974 1
2975 1
2976 10
2977 10
2978 1
2979 1
2980 1
2981 1
2982 1
2983 1
2984 1
2985 1
2986 1
2987 1
2988 1
2989 1
2990 1
2991 1
2992 1
2993 1
2994 1
2995 1
2996 1
2997 1
2998 1
2999 1
3000 1
3001 1
3002 1
3003 1
3004 1
3005 1
3006 1
3007 1
3008 1
3009 1
3010 1
3011 1
3012 1
3013 1
3014 1
3015 1
3016 1
3017 1
3018 1
3019 1
3020 1
3021 1
3022 1
3023 1
3024 1
3025 1
3026 1
3027 1
3028 1
3029 1
3030 1
3031 1
3032 1
3033 1
3034 1
3035 1
3036 1
3037 1
3038 1
3039 1
3040 1
3041 1
3042 1
3043 1
3044 1
3045 1
3046 1
3047 1
3048 1
3049 3
3050 3
3051 10
3052 10
3053 1
3054 1
3055 1
3056 1
3057 1
3058 1
3059 1
3060 1
3061 1
3062 1
3063 1
3064 1
3065 1
3066 1
3067 1
3068 1
3069 1
3070 1
3071 1
3072 1
3073 1
3074 1
3075 1
3076 1
3077 1
3078 1
3079 1
3080 1
3081 1
3082 1
3083 1
3084 1
3085 1
3086 1
3087 1
3088 1
3089 1
3090 1
3091 1
3092 1
3093 1
3094 1
3095 6
3096 50
3097 175
3098 1
3099 1
3100 1
3101 12000
3102 1
3103 1
3104 1
3105 12
3106 12
3107 1
3108 1
3109 1
3110 1
3111 1
3112 1
3113 1
3114 1
3115 6
3116 50
3117 175
3118 1
3119 1
3120 1
3121 12000
3122 1
3123 1
3124 1
3125 1
3126 1
3127 1
3128 1
3129 1
3130 1
3131 1
3132 1
3133 1
3134 1
3135 1
3136 1
3137 1
3138 1250
3139 1250
3140 1
3141 1
3142 110
3143 110
3144 1
3145 1
3146 1
3147 1
3148 1
3149 1
3150 1
3151 1
3152 1
3153 1
3154 1
3155 1
3156 1
3157 5
3158 5
3159 5
3160 5
3161 1
3162 1
3163 1
3164 30
3165 30
3166 1
3167 1
3168 1
3169 1
3170 1
3171 1
3172 1
3173 1
3174 1
3175 1
3176 1
3177 1
3178 1
3179 1
3180 1
3181 1
3182 1
3183 1
3184 1
3185 1
3186 1
3187 1
3188 60
3189 60
3190 104
3191 104
3192 364
3193 364
3194 1300
3195 1300
3196 2496
3197 2496
3198 3380
3199 3380
3200 8320
3201 8320
3202 83200
3203 83200
3204 325000
3205 325000
3206 1
3207 1
3208 1
3209 1
3210 1
3211 1
3212 1
3213 1
3214 1
3215 1
3216 1
3217 1
3218 1
3219 1
3220 1
3221 1
3222 1
3223 1
3224 1
3225 1
3226 67
3227 67
3228 1
3229 1
3230 1
3231 1
3232 1
3233 1
3234 1
3235 1
3236 1
3237 1
3238 1
3239 1
3240 1
3241 1
3242 1
3243 1
3244 1
3245 1
3246 1
3247 1
3248 1
3249 1
3250 1
3251 1
3252 1
3253 1
3254 1
3255 1
3256 1
3257 1
3258 1
3259 1
3260 1
3261 1
3262 1
3263 1
3264 1
3265 1
3266 1
3267 1
3268 1
3269 1
3270 1
3271 1
3272 1
3273 1
3274 1
3275 1
3276 1
3277 1
3278 1
3279 1
3280 1
3281 1
3282 1
3283 1
3284 1
3285 1
3286 1
3287 1
3288 1
3289 1
3290 1
3291 1
3292 1
3293 1
3294 1
3295 1
3296 1
3297 1
3298 1
3299 1
3300 1
3301 1
3302 1
3303 1
3304 1
3305 1
3306 1
3307 1
3308 1
3309 1
3310 1
3311 1
3312 1
3313 1
3314 1
3315 1
3316 1
3317 1
3318 1
3319 1
3320 1
3321 1
3322 1
3323 1
3324 1
3325 1
3326 1
3327 1
3328 1
3329 1
3330 1
3331 1
3332 1
3333 1
3334 1
3335 1
3336 1
3337 1
3338 1
3339 1
3340 1
3341 1
3342 1
3343 1
3344 1
3345 1
3346 1
3347 1
3348 1
3349 1
3350 1
3351 1
3352 1
3353 1
3354 1
3355 1
3356 1
3357 1
3358 1
3359 1
3360 1
3361 1
3362 1
3363 74
3364 74
3365 1
3366 1
3367 1
3368 1
3369 1
3370 1
3371 1
3372 1
3373 1
3374 1
3375 1
3376 1
3377 5
3378 5
3379 1
3380 1
3381 1
3382 1
3383 1
3384 1
3385 1
3386 1
3387 1
3388 1
3389 1
3390 1
3391 1
3392 1
3393 1
3394 1
3395 1
3396 1
3397 1
3398 1
3399 1
3400 1
3401 1
3402 1
3403 1
3404 1
3405 1
3406 1
3407 1
3408 1
3409 1
3410 1
3411 1
3412 1
3413 1
3414 1
3415 1
3416 1
3417 1
3418 1
3419 1
3420 1
3421 1
3422 1
3423 1
3424 1
3425 1
3426 1
3427 1
3428 1
3429 1
3430 1
3431 1
3432 1
3433 1
3434 1
3435 1
3436 1
3437 1
3438 1
3439 1
3440 1
3441 1
3442 1
3443 1
3444 1
3445 1
3446 1
3447 1
3448 1
3449 1
3450 1
3451 1
3452 1
3453 1
3454 1
3455 1
3456 1
3457 1
3458 1
3459 1
3460 1
3461 1
3462 1
3463 1
3464 1
3465 1
3466 1
3467 1
3468 1
3469 1
3470 1
3471 1
3472 1
3473 1
3474 1
3475 1
3476 1
3477 1
3478 1
3479 1
3480 1
3481 1
3482 1
3483 1
3484 1
3485 1
3486 1
3487 1
3488 1
3489 1
3490 1
3491 1
3492 1
3493 1
3494 1
3495 1
3496 1
3497 1
3498 1
3499 1
3500 1
3501 1
3502 1
3503 1
3504 1
3505 1
3506 1
3507 1
3508 1
3509 1
3510 1
3511 1
3512 1
3513 1
3514 1
3515 1
3516 1
3517 1
3518 1
3519 1
3520 1
3521 1
3522 1
3523 1
3524 1
3525 1
3526 1
3527 1
3528 1
3529 1
3530 1
3531 1
3532 1
3533 1
3534 1
3535 1
3536 1
3537 1
3538 1
3539 1
3540 1
3541 1
3542 1
3543 1
3544 1
3545 1
3546 1
3547 1
3548 1
3549 1
3550 1
3551 1
3552 1
3553 1
3554 1
3555 1
3556 1
3557 1
3558 1
3559 1
3560 1
3561 1
3562 1
3563 1
3564 1
3565 1
3566 1
3567 1
3568 1
3569 1
3570 1
3571 1
3572 1
3573 1
3574 1
3575 1
3576 1
3577 1
3578 1
3579 1
3580 1
3581 1
3582 10000
3583 1
3584 10000
3585 1
3586 10000
3587 1
3588 10000
3589 1
3590 10000
3591 1
3592 10000
3593 1
3594 10000
3595 1
3596 10000
3597 1
3598 10000
3599 10000
3600 1
3601 10000
3602 10000
3603 1
3604 10000
3605 10000
3606 1
3607 10000
3608 1
3609 10000
3610 10000
3611 10000
3612 10000
3613 10000
3614 10000
3615 10000
3616 10000
3617 10000
3618 10000
3619 1
3620 1
3621 1
3622 1
3623 1
3624 1
3625 1
3626 1
3627 1
3628 1
3629 1
3630 1
3631 1
3632 1
3633 1
3634 1
3635 1
3636 1
3637 1
3638 1
3639 1
3640 1
3641 1
3642 1
3643 1
3644 1
3645 1
3646 1
3647 1
3648 1
3649 1
3650 1
3651 1
3652 1
3653 1
3654 1
3655 1
3656 1
3657 1
3658 1
3659 1
3660 1
3661 1
3662 1
3663 1
3664 1
3665 1
3666 1
3667 1
3668 1
3669 1
3670 1
3671 1
3672 1
3673 1
3674 1
3675 1
3676 1
3677 1
3678 13000
3679 13000
3680 1
3681 1
3682 1
3683 1
3684 1
3685 1
3686 1
3687 1
3688 1
3689 1
3690 1
3691 1
3692 1
3693 1
3694 1
3695 1
3696 1
3697 1
3698 1
3699 1
3700 1
3701 1
3702 1
3703 1
3704 1
3705 1
3706 1
3707 1
3708 1
3709 1
3710 1
3711 325
3712 1
3713 1
3714 1
3715 1
3716 1
3717 1
3718 1
3719 1
3720 1
3721 1
3722 1
3723 1
3724 1
3725 1
3726 1
3727 1
3728 1
3729 1
3730 1
3731 1
3732 1
3733 1
3734 1
3735 1
3736 1
3737 1
3738 1
3739 1
3740 1
3741 1
3742 1
3743 1
3744 1
3745 1
3746 1
3747 1
3748 1
3749 78000
3750 78000
3751 78000
3752 78000
3753 78000
3754 78000
3755 78000
3756 78000
3757 1
3758 1
3759 325
3760 325
3761 325
3762 325
3763 325
3764 325
3765 325
3766 325
3767 325
3768 325
3769 325
3770 325
3771 325
3772 325
3773 325
3774 325
3775 325
3776 325
3777 325
3778 325
3779 325
3780 325
3781 325
3782 325
3783 325
3784 325
3785 325
3786 325
3787 325
3788 325
3789 325
3790 325
3791 650
3792 650
3793 650
3794 650
3795 650
3796 650
3797 650
3798 650
3799 650
3800 650
3801 325
3802 325
3803 26
3804 26
3805 26
3806 26
3807 1
3808 1
3809 1
3810 1
3811 1
3812 1
3813 1
3814 1
3815 1
3816 1
3817 1
3818 1
3819 1
3820 1
3821 1
3822 1
3823 1
3824 1
3825 1
3826 1
3827 1
3828 1
3829 1
3830 1
3831 1
3832 1
3833 1
3834 1
3835 1
3836 1
3837 1
3838 1
3839 1
3840 1
3841 1
3842 1
3843 1
3844 1
3845 1
3846 1
3847 1
3848 1
3849 1
3850 1
3851 1
3852 1
3853 1
3854 1
3855 1
3856 1
3857 1
3858 1
3859 1
3860 1
3861 1
3862 1
3863 1
3864 1
3865 1
3866 1
3867 1
3868 1
3869 1
3870 1
3871 1
3872 1
3873 1
3874 1
3875 1
3876 1
3877 1
3878 1
3879 1
3880 1
3881 1
3882 1
3883 1
3884 1
3885 1
3886 1
3887 1
3888 1
3889 1
3890 1
3891 1
3892 1
3893 1
3894 1
3895 1
3896 1
3897 1
3898 1
3899 15
3900 15
3901 1
3902 1
3903 1
3904 1
3905 1
3906 1
3907 1
3908 1
3909 1
3910 1
3911 1
3912 1
3913 1
3914 1
3915 1
3916 1
3917 1
3918 1
3919 1
3920 1
3921 1
3922 1
3923 1
3924 1
3925 1
3926 1
3927 1
3928 1
3929 1
3930 1
3931 1
3932 1
3933 1
3934 1
3935 1
3936 1
3937 1
3938 1
3939 1
3940 1
3941 1
3942 1
3943 1
3944 1
3945 1
3946 1
3947 1
3948 1
3949 1
3950 1
3951 1
3952 1
3953 1
3954 1
3955 1
3956 1
3957 1
3958 1
3959 1
3960 1
3961 1
3962 1
3963 1
3964 1
3965 1
3966 1
3967 1
3968 1
3969 1
3970 1
3971 1
3972 1
3973 1
3974 1
3975 1
3976 1
3977 1
3978 1
3979 1
3980 1
3981 1
3982 1
3983 1
3984 1
3985 1
3986 1
3987 1
3988 1
3989 1
3990 1
3991 1
3992 1
3993 1
3994 1
3995 1
3996 1
3997 1
3998 1
3999 1
4000 1
4001 1
4002 1
4003 1
4004 1
4005 1
4006 10
4007 1
4008 3
4009 3
4010 1
4011 1
4012 3
4013 3
4014 50
4015 50
4016 300
4017 300
4018 1
4019 1
4020 1
4021 1
4022 1
4023 1000
4024 1
4025 1
4026 1
4027 1
4028 1
4029 1
4030 1
4031 1
4032 1
4033 1
4034 1
4035 1
4036 1
4037 100
4038 100
4039 1000
4040 1000
4041 1
4042 1
4043 1
4044 1
4045 1
4046 1
4047 1
4048 1
4049 1
4050 1
4051 1
4052 1
4053 1
4054 1
4055 1
4056 1
4057 1
4058 1
4059 1
4060 1
4061 1
4062 1
4063 1
4064 1
4065 1
4066 1
4067 1
4068 1
4069 1
4070 1
4071 1
4072 1
4073 1
4074 1
4075 1
4076 1
4077 1
4078 1
4079 1
4080 1
4081 1
4082 1
4083 1
4084 1
4085 1
4086 1
4087 1
4088 1
4089 1
4090 1
4091 1
4092 1
4093 1
4094 1
4095 1
4096 1
4097 1
4098 1
4099 1
4100 1
4101 1
4102 1
4103 1
4104 1
4105 1
4106 1
4107 1
4108 1
4109 1
4110 1
4111 1
4112 1
4113 1
4114 1
4115 1
4116 1
4117 1
4118 1
4119 1
4120 1
4121 1
4122 1
4123 1
4124 1
4125 1
4126 1
4127 1
4128 1
4129 1
4130 1
4131 1
4132 1
4133 1
4134 1
4135 1
4136 1
4137 1
4138 1
4139 1
4140 1
4141 1
4142 1
4143 1
4144 1
4145 1
4146 1
4147 1
4148 1
4149 1
4150 1
4151 1
4152 1
4153 1
4154 1
4155 1
4156 1
4157 1
4158 31000
4159 31000
4160 1
4161 1
4162 1
4163 1
4164 1
4165 1
4166 200
4167 200
4168 1
4169 1
4170 1
4171 1
4172 1
4173 1
4174 1
4175 1
4176 1
4177 1
4178 1
4179 1
4180 1
4181 1
4182 1
4183 1
4184 1
4185 1
4186 1
4187 1
4188 1
4189 1
4190 1
4191 1
4192 1
4193 1
4194 1
4195 1
4196 1
4197 1
4198 1
4199 50
4200 1
4201 1
4202 1
4203 1
4204 1
4205 1
4206 1
4207 1
4208 1
4209 1
4210 1
4211 1
4212 1
4213 1
4214 1
4215 1
4216 1
4217 1
4218 1
4219 1
4220 1
4221 1
4222 1
4223 1
4224 1
4225 1
4226 1
4227 1
4228 1
4229 1
4230 1
4231 1
4232 1
4233 1
4234 1
4235 1
4236 1
4237 1
4238 1
4239 1
4240 1
4241 1
4242 10
4243 10
4244 1
4245 10
4246 10
4247 1
4248 1
4249 1
4250 1
4251 1
4252 1
4253 1
4254 1
4255 1
4256 1
4257 1
4258 1
4259 1
4260 1
4261 1
4262 1
4263 1
4264 1
4265 1
4266 1
4267 1
4268 1
4269 1
4270 1
4271 1
4272 1
4273 1
4274 1
4275 1
4276 1
4277 1
4278 1
4279 1
4280 1
4281 1
4282 1
4283 1
4284 1
4285 1
4286 2
4287 1
4288 1
4289 60
4290 60
4291 5
4292 5
4293 5
4294 5
4295 1
4296 1
4297 1
4298 1
4299 1
4300 30
4301 30
4302 1
4303 1
4304 1
4305 1
4306 1
4307 1
4308 1
4309 1
4310 1
4311 1
4312 1
4313 1
4314 1
4315 50
4316 50
4317 1
4318 1
4319 1
4320 1
4321 1
4322 1
4323 1
4324 1
4325 50
4326 50
4327 1
4328 1
4329 1
4330 1
4331 1
4332 1
4333 50
4334 50
4335 50
4336 50
4337 1
4338 1
4339 1
4340 1
4341 1
4342 1
4343 1
4344 1
4345 50
4346 50
4347 1
4348 1
4349 1
4350 1
4351 1
4352 1
4353 50
4354 50
4355 50
4356 50
4357 1
4358 1
4359 1
4360 1
4361 1
4362 1
4363 1
4364 1
4365 50
4366 50
4367 1
4368 1
4369 1
4370 1
4371 1
4372 1
4373 50
4374 50
4375 50
4376 50
4377 1
4378 1
4379 1
4380 1
4381 1
4382 1
4383 1
4384 1
4385 50
4386 50
4387 1
4388 1
4389 1
4390 1
4391 1
4392 1
4393 50
4394 50
4395 50
4396 50
4397 1
4398 1
4399 1
4400 1
4401 1
4402 1
4403 1
4404 1
4405 50
4406 50
4407 1
4408 1
4409 1
4410 1
4411 1
4412 1
4413 50
4414 50
4415 1
4416 1
4417 1
4418 1
4419 1
4420 1
4421 1
4422 1
4423 1
4424 1
4425 1
4426 1
4427 1
4428 1
4429 1
4430 1
4431 1
4432 1
4433 1
4434 1
4435 1
4436 1
4437 1
4438 1
4439 1
4440 1
4441 1
4442 1
4443 1
4444 1
4445 1
4446 500
4447 1
4448 1
4449 1
4450 1
4451 1
4452 1
4453 1
4454 1
4455 1
4456 1
4457 1
4458 1
4459 1
4460 1
4461 1
4462 1
4463 1
4464 1
4465 1
4466 1
4467 1
4468 1
4469 1
4470 1
4471 1
4472 1
4473 1
4474 1
4475 1
4476 1
4477 1
4478 1
4479 1
4480 1
4481 1
4482 1
4483 1
4484 1
4485 1
4486 1
4487 1
4488 1
4489 1
4490 1
4491 1
4492 1
4493 1
4494 1
4495 1
4496 1
4497 1
4498 23
4499 23
4500 1
4501 1
4502 1
4503 1
4504 1
4505 1
4506 1
4507 1
4508 1
4509 1
4510 1
4511 1
4512 1
4513 1
4514 1
4515 1
4516 1
4517 1
4518 1
4519 1
4520 1
4521 1
4522 10
4523 10
4524 10
4525 1
4526 1
4527 1
4528 1
4529 1
4530 1
4531 1
4532 1
4533 1
4534 1
4535 1
4536 1
4537 180
4538 180
4539 180
4540 43
4541 43
4542 1
4543 1
4544 1
4545 1
4546 600
4547 600
4548 400
4549 400
4550 400
4551 650
4552 650
4553 1
4554 1
4555 1
4556 1
4557 1
4558 1
4559 1
4560 1
4561 1
4562 1
4563 1
4564 1
4565 1
4566 1
4567 1
4568 1
4569 1
4570 1
4571 1
4572 1
4573 1
4574 1
4575 1
4576 1
4577 1
4578 1
4579 1
4580 1
4581 1
4582 1
4583 1
4584 1
4585 1
4586 1
4587 100000
4588 100000
4589 1
4590 1
4591 1
4592 1
4593 1
4594 1
4595 1
4596 1
4597 1
4598 1
4599 1
4600 600
4601 1
4602 1
4603 1
4604 1
4605 1
4606 1
4607 1
4608 5
4609 5
4610 1
4611 1
4612 600
4613 75
4614 1
4615 1
4616 1
4617 1
4618 1
4619 1
4620 1
4621 1
4622 1
4623 1
4624 1
4625 1
4626 1
4627 650
4628 650
4629 1
4630 1
4631 1
4632 1
4633 1
4634 1
4635 1
4636 1
4637 1
4638 1
4639 1
4640 1
4641 1
4642 1
4643 1
4644 1
4645 1
4646 1
4647 1
4648 1
4649 1
4650 1
4651 1
4652 1
4653 1
4654 1
4655 1
4656 1
4657 1
4658 1
4659 1
4660 1
4661 1
4662 1
4663 1
4664 1
4665 1
4666 1
4667 1
4668 1
4669 1
4670 1
4671 1
4672 1
4673 1
4674 1
4675 80000
4676 80000
4677 1
4678 1
4679 1
4680 1
4681 1
4682 1
4683 1
4684 30
4685 30
4686 1
4687 1
4688 1
4689 1
4690 1
4691 1
4692 130000
4693 1
4694 1
4695 1
4696 1
4697 1
4698 1
4699 1
4700 1
4701 1
4702 1
4703 975000
4704 1
4705 1
4706 1
4707 1
4708 1
4709 1
4710 1
4711 1
4712 1
4713 1
4714 1
4715 1
4716 1
4717 1
4718 1
4719 1
4720 1
4721 1
4722 1
4723 1
4724 1
4725 1
4726 1
4727 1
4728 1
4729 1
4730 1
4731 1
4732 1
4733 1
4734 1
4735 1
4736 1
4737 1
4738 1
4739 1
4740 1
4741 1
4742 1
4743 1
4744 1
4745 1
4746 1
4747 1
4748 1
4749 1
4750 1
4751 1
4752 1
4753 1
4754 1
4755 1
4756 1
4757 1
4758 1
4759 1
4760 1
4761 1
4762 1
4763 1
4764 1
4765 1
4766 1
4767 1
4768 1
4769 1
4770 1
4771 1
4772 1
4773 1
4774 1
4775 1
4776 1
4777 1
4778 1
4779 1
4780 1
4781 1
4782 1
4783 1
4784 1
4785 1
4786 1
4787 1
4788 1
4789 1
4790 1
4791 1
4792 1
4793 20
4794 1
4795 1
4796 1
4797 1
4798 1
4799 1
4800 1
4801 1
4802 1
4803 1
4804 1
4805 1
4806 1
4807 1
4808 1
4809 1
4810 1
4811 1
4812 1
4813 1
4814 1
4815 1
4816 1
4817 1
4818 1
4819 4
4820 5
4821 1
4822 1
4823 1
4824 1
4825 1
4826 1
4827 180
4828 180
4829 1
4830 1
4831 1
4832 1
4833 1
4834 1
4835 1
4836 1
4837 1
4838 10
4839 1
4840 1
4841 1
4842 1
4843 1
4844 1
4845 1
4846 1
4847 1
4848 1
4849 1
4850 1
4851 1
4852 1
4853 1
4854 1
4855 1
4856 1
4857 1
4858 1
4859 1
4860 1
4861 1
4862 1
4863 1
4864 1
4865 1
4866 1
4867 1
4868 1
4869 1
4870 1
4871 1
4872 1
4873 1
4874 1
4875 1
4876 1
4877 1
4878 1
4879 1
4880 1
4881 1
4882 1
4883 1
4884 1
4885 1
4886 1
4887 1
4888 1
4889 1
4890 1
4891 1
4892 1
4893 1
4894 1
4895 1
4896 1
4897 1
4898 1
4899 1
4900 1
4901 1
4902 1
4903 1
4904 1
4905 1
4906 1
4907 1
4908 1
4909 1
4910 1
4911 1
4912 1
4913 1
4914 1
4915 1
4916 1
4917 1
4918 1
4919 1
4920 1
4921 1
4922 1
4923 1
4924 1
4925 1
4926 1
4927 1
4928 1
4929 1
4930 1
4931 1
4932 1
4933 1
4934 1
4935 1
4936 1
4937 1
4938 1
4939 1
4940 1
4941 1
4942 1
4943 1
4944 1
4945 1
4946 1
4947 1
4948 1
4949 1
4950 1
4951 1
4952 1
4953 1
4954 1
4955 1
4956 1
4957 1
4958 1
4959 1
4960 1
4961 1
4962 1
4963 1
4964 1
4965 1
4966 1
4967 1
4968 1
4969 1
4970 1
4971 1
4972 1
4973 1
4974 1
4975 1
4976 1
4977 1
4978 1
4979 1
4980 1
4981 1
4982 1
4983 1
4984 1
4985 1
4986 1
4987 1
4988 1
4989 1
4990 1
4991 1
4992 1
4993 1
4994 1
4995 1
4996 1
4997 1
4998 1
4999 1
5000 1
5001 1
5002 1
5003 1
5004 1
5005 1
5006 1
5007 1
5008 1
5009 1
5010 1
5011 1
5012 1
5013 900
5014 900
5015 900
5016 600
5017 600
5018 600
5019 600
5020 1
5021 1
5022 1
5023 1
5024 1
5025 1
5026 1
5027 1
5028 1
5029 1
5030 1
5031 1
5032 1
5033 1
5034 1
5035 1
5036 1
5037 1
5038 1
5039 1
5040 1
5041 1
5042 1
5043 1
5044 1
5045 1
5046 1
5047 1
5048 1
5049 1
5050 1
5051 1
5052 1
5053 1
5054 1
5055 1
5056 1
5057 1
5058 1
5059 1
5060 1
5061 1
5062 1
5063 1
5064 1
5065 1
5066 1
5067 1
5068 1
5069 1
5070 1
5071 1
5072 1
5073 1
5074 1
5075 1
5076 1
5077 1
5078 1
5079 1
5080 1
5081 1
5082 1
5083 1
5084 1
5085 1
5086 1
5087 1
5088 1
5089 1
5090 1
5091 1
5092 1
5093 1
5094 1
5095 1
5096 1
5097 1
5098 1
5099 1
5100 1
5101 1
5102 1
5103 1
5104 1
5105 1
5106 1
5107 1
5108 1
5109 1
5110 1
5111 1
5112 1
5113 1
5114 1
5115 1
5116 1
5117 1
5118 1
5119 1
5120 1
5121 1
5122 1
5123 1
5124 1
5125 1
5126 1
5127 1
5128 1
5129 1
5130 1
5131 1
5132 1
5133 1
5134 1
5135 1
5136 1
5137 1
5138 1
5139 1
5140 1
5141 1
5142 1
5143 1
5144 1
5145 1
5146 1
5147 1
5148 1
5149 1
5150 1
5151 1
5152 1
5153 1
5154 1
5155 1
5156 1
5157 1
5158 1
5159 1
5160 1
5161 1
5162 1
5163 1
5164 1
5165 1
5166 1
5167 1
5168 1
5169 1
5170 1
5171 1
5172 1
5173 1
5174 1
5175 1
5176 1
5177 1
5178 1
5179 1
5180 1
5181 1
5182 1
5183 1
5184 1
5185 1
5186 1
5187 1
5188 1
5189 1
5190 1
5191 1
5192 1
5193 1
5194 1
5195 1
5196 1
5197 1
5198 1
5199 1
5200 1
5201 1
5202 1
5203 1
5204 1
5205 1
5206 1
5207 1
5208 1
5209 1
5210 1
5211 1
5212 1
5213 1
5214 1
5215 1
5216 1
5217 1
5218 1
5219 1
5220 1
5221 1
5222 1
5223 1
5224 1
5225 1
5226 1
5227 1
5228 1
5229 1
5230 1
5231 1
5232 1
5233 1
5234 1
5235 1
5236 1
5237 1
5238 1
5239 1
5240 1
5241 1
5242 1
5243 1
5244 1
5245 1
5246 1
5247 1
5248 1
5249 1
5250 1
5251 1
5252 1
5253 1
5254 1
5255 1
5256 1
5257 1
5258 1
5259 1
5260 1
5261 1
5262 1
5263 1
5264 1
5265 1
5266 1
5267 1
5268 1
5269 1
5270 1
5271 1
5272 1
5273 1
5274 1
5275 1
5276 1
5277 1
5278 1
5279 1
5280 1
5281 1
5282 1
5283 1
5284 1
5285 1
5286 1
5287 1
5288 1
5289 1
5290 1
5291 1
5292 1
5293 1
5294 1
5295 1
5296 1
5297 1
5298 1
5299 1
5300 1
5301 1
5302 1
5303 1
5304 1
5305 1
5306 1
5307 1
5308 1
5309 1
5310 1
5311 1
5312 1
5313 1
5314 1
5315 1
5316 1
5317 1
5318 1
5319 1
5320 1
5321 1
5322 1
5323 1
5324 1
5325 1
5326 1
5327 1
5328 1
5329 5
5330 5
5331 8
5332 8
5333 1
5334 1
5335 1
5336 1
5337 1
5338 1
5339 1
5340 1
5341 6
5342 6
5343 6
5344 6
5345 1
5346 1
5347 1
5348 1
5349 1
5350 1
5351 1
5352 1
5353 1
5354 1
5355 1
5356 1
5357 1
5358 1
5359 1
5360 1
5361 1
5362 1
5363 1
5364 1
5365 1
5366 1
5367 1
5368 1
5369 1
5370 1
5371 1
5372 1
5373 1
5374 1
5375 1
5376 1
5377 1
5378 1
5379 1
5380 1
5381 1
5382 1
5383 1
5384 1
5385 1
5386 1
5387 1
5388 1
5389 1
5390 1
5391 1
5392 1
5393 1
5394 1
5395 1
5396 1
5397 1
5398 1
5399 1
5400 1
5401 1
5402 1
5403 1
5404 1
5405 1
5406 1
5407 1
5408 1
5409 1
5410 1
5411 1
5412 1
5413 1
5414 1
5415 1
5416 1
5417 1
5418 1
5419 1
5420 1
5421 1
5422 1
5423 1
5424 1
5425 1
5426 1
5427 1
5428 1
5429 1
5430 1
5431 1
5432 1
5433 1
5434 1
5435 1
5436 1
5437 1
5438 1
5439 1
5440 1
5441 1
5442 1
5443 1
5444 1
5445 1
5446 1
5447 1
5448 1
5449 1
5450 1
5451 1
5452 1
5453 1
5454 1
5455 1
5456 1
5457 1
5458 1
5459 1
5460 1
5461 1
5462 1
5463 1
5464 1
5465 1
5466 1
5467 1
5468 1
5469 1
5470 1
5471 1
5472 1
5473 1
5474 1
5475 1
5476 1
5477 1
5478 1
5479 1
5480 1
5481 1
5482 1
5483 1
5484 1
5485 1
5486 1
5487 1
5488 1
5489 1
5490 1
5491 1
5492 1
5493 1
5494 1
5495 1
5496 1
5497 1
5498 1
5499 1
5500 1
5501 1
5502 1
5503 1
5504 1
5505 1
5506 1
5507 1
5508 1
5509 1
5510 1
5511 1
5512 1
5513 1
5514 1
5515 1
5516 1
5517 1
5518 1
5519 1
5520 1
5521 1
5522 1
5523 100
5524 100
5525 1
5526 1
5527 1
5528 1
5529 1
5530 1
5531 1
5532 1
5533 1
5534 1
5535 1
5536 1
5537 1
5538 1
5539 1
5540 1
5541 1
5542 1
5543 1
5544 1
5545 1
5546 1
5547 1
5548 1
5549 1
5550 1
5551 1
5552 1
5553 1
5554 1
5555 1
5556 1
5557 1
5558 1
5559 1
5560 10
5561 1
5562 1
5563 1
5564 1
5565 1
5566 1
5567 1
5568 1
5569 1
5570 1
5571 1
5572 1
5573 1
5574 6000
5575 10000
5576 8000
5577 1
5578 1
5579 1
5580 1
5581 1
5582 1
5583 1
5584 1
5585 1
5586 1
5587 1
5588 1
5589 1
5590 1
5591 1
5592 4
5593 4
5594 4
5595 4
5596 4
5597 4
5598 4
5599 4
5600 4
5601 1
5602 1
5603 1
5604 1
5605 25
5606 1
5607 1
5608 1
5609 1
5610 1
5611 6000
5612 10000
5613 8000
5614 1
5615 1
5616 1
5617 1
5618 1
5619 1
5620 1
5621 1
5622 1
5623 1
5624 1
5625 1
5626 1
5627 1
5628 1
5629 1
5630 1
5631 1
5632 1
5633 1
5634 1
5635 1
5636 1
5637 1
5638 1
5639 1
5640 1
5641 1
5642 1
5643 1
5644 1
5645 1
5646 1
5647 1
5648 1
5649 1
5650 1
5651 1
5652 1
5653 1
5654 1
5655 1
5656 1
5657 1
5658 1
5659 1
5660 1
5661 1
5662 1
5663 1
5664 1
5665 1
5666 1
5667 1
5668 1
5669 1
5670 1
5671 1
5672 1
5673 1
5674 1
5675 1
5676 1
5677 1
5678 1
5679 1
5680 30000
5681 30000
5682 1
5683 1
5684 1
5685 1
5686 1
5687 1
5688 1
5689 1
5690 1
5691 1
5692 1
5693 1
5694 1
5695 1
5696 1
5697 1
5698 30000
5699 30000
5700 1
5701 1
5702 1
5703 1
5704 1
5705 1
5706 1
5707 1
5708 1
5709 1
5710 1
5711 1
5712 1
5713 1
5714 1
5715 1
5716 1
5717 1
5718 1
5719 1
5720 1
5721 1
5722 1
5723 1
5724 1
5725 1
5726 1
5727 1
5728 1
5729 1
5730 1
5731 1
5732 1
5733 1
5734 1
5735 1
5736 1
5737 1
5738 15
5739 1
5740 1
5741 1
5742 1
5743 1
5744 1
5745 1
5746 1
5747 1
5748 1
5749 1
5750 1
5751 1
5752 1
5753 1
5754 1
5755 1
5756 1
5757 1
5758 1
5759 1
5760 1
5761 1
5762 1
5763 2
5764 2
5765 1
5766 1
5767 1
5768 1
5769 1
5770 1
5771 1
5772 1
5773 1
5774 1
5775 1
5776 1
5777 1
5778 1
5779 1
5780 1
5781 1
5782 1
5783 1
5784 1
5785 1
5786 1
5787 1
5788 1
5789 1
5790 1
5791 1
5792 1
5793 1
5794 1
5795 1
5796 1
5797 1
5798 1
5799 1
5800 1
5801 1
5802 1
5803 1
5804 1
5805 1
5806 1
5807 1
5808 1
5809 1
5810 1
5811 1
5812 1
5813 1
5814 1
5815 1
5816 1
5817 1
5818 1
5819 1
5820 1
5821 1
5822 1
5823 1
5824 1
5825 1
5826 1
5827 1
5828 1
5829 1
5830 1
5831 1
5832 1
5833 1
5834 1
5835 1
5836 1
5837 1
5838 1
5839 1
5840 1
5841 1
5842 1
5843 1
5844 1
5845 1
5846 1
5847 1
5848 1
5849 1
5850 1
5851 1
5852 1
5853 1
5854 1
5855 1
5856 1
5857 1
5858 1
5859 1
5860 1
5861 1
5862 1
5863 1
5864 1
5865 1
5866 1
5867 1
5868 1
5869 1
5870 1
5871 1
5872 1
5873 1
5874 1
5875 1
5876 1
5877 1
5878 1
5879 1
5880 1
5881 1
5882 1
5883 1
5884 1
5885 1
5886 1
5887 1
5888 1
5889 1
5890 1
5891 1
5892 1
5893 1
5894 1
5895 1
5896 1
5897 1
5898 1
5899 1
5900 1
5901 1
5902 1
5903 1
5904 1
5905 1
5906 1
5907 1
5908 1
5909 1
5910 1
5911 1
5912 1
5913 1
5914 1
5915 1
5916 1
5917 1
5918 1
5919 1
5920 1
5921 1
5922 1
5923 1
5924 1
5925 1
5926 1
5927 1
5928 1
5929 1
5930 1
5931 1
5932 1
5933 1
5934 1
5935 1
5936 1
5937 1
5938 1
5939 1
5940 1
5941 1
5942 1
5943 1
5944 1
5945 1
5946 1
5947 1
5948 1
5949 1
5950 1
5951 1
5952 1
5953 1
5954 1
5955 1
5956 1
5957 1
5958 1
5959 1
5960 1
5961 1
5962 1
5963 1
5964 1
5965 1
5966 1
5967 1
5968 1
5969 1
5970 1
5971 1
5972 25
5973 25
5974 1
5975 1
5976 1
5977 1
5978 1
5979 1
5980 1
5981 1
5982 1
5983 1
5984 1
5985 1
5986 1
5987 1
5988 1
5989 1
5990 1
5991 1
5992 1
5993 1
5994 1
5995 1
5996 1
5997 1
5998 1
5999 1
6000 4
6001 4
6002 1
6003 1
6004 1
6005 1
6006 1
6007 1
6008 1
6009 1
6010 1
6011 1
6012 1
6013 1
6014 1
6015 1
6016 1
6017 1
6018 1
6019 1
6020 1
6021 1
6022 1
6023 1
6024 1
6025 1
6026 1
6027 1
6028 1
6029 1
6030 1
6031 1
6032 20
6033 20
6034 1
6035 1
6036 40
6037 40
6038 1
6039 1
6040 1
6041 1
6042 1
6043 1
6044 1
6045 1
6046 1
6047 1
6048 1
6049 1
6050 1
6051 1
6052 1
6053 1
6054 1
6055 1
6056 1
6057 1
6058 1
6059 1
6060 1
6061 1
6062 1
6063 1
6064 1
6065 1
6066 1
6067 1
6068 1
6069 1
6070 1
6071 1
6072 1
6073 1
6074 1
6075 1
6076 1
6077 1
6078 1
6079 1
6080 1
6081 1
6082 1
6083 1
6084 1
6085 1
6086 1
6087 1
6088 1
6089 1
6090 1
6091 1
6092 1
6093 1
6094 1
6095 1
6096 1
6097 1
6098 1
6099 1
6100 1
6101 1
6102 1
6103 1
6104 1
6105 1
6106 1
6107 1
6108 1
6109 1
6110 1
6111 1
6112 1
6113 1
6114 1
6115 1
6116 1
6117 1
6118 1
6119 1
6120 1
6121 1
6122 1
6123 1
6124 1
6125 1
6126 1
6127 1
6128 1
6129 1
6130 1
6131 1
6132 1
6133 1
6134 1
6135 1
6136 1
6137 1
6138 1
6139 1
6140 1
6141 1
6142 1
6143 1
6144 1
6145 1
6146 1
6147 1
6148 1
6149 1
6150 1
6151 1
6152 1
6153 1
6154 1
6155 1
6156 1
6157 1
6158 1
6159 1
6160 1
6161 1
6162 1
6163 1
6164 1
6165 1
6166 1
6167 1
6168 1
6169 1
6170 1
6171 1
6172 1
6173 1
6174 1
6175 1
6176 1
6177 1
6178 1
6179 1
6180 1
6181 1
6182 1
6183 1
6184 1
6185 1
6186 1
6187 1
6188 1
6189 1
6190 1
6191 1
6192 1
6193 1
6194 1
6195 1
6196 1
6197 1
6198 1
6199 1
6200 1
6201 1
6202 1
6203 1
6204 1
6205 1
6206 1
6207 1
6208 1
6209 5
6210 1
6211 1
6212 1
6213 1
6214 1
6215 1
6216 1
6217 1
6218 1
6219 1
6220 1
6221 1
6222 1
6223 1
6224 1
6225 1
6226 1
6227 1
6228 1
6229 1
6230 1
6231 1
6232 1
6233 1
6234 1
6235 1
6236 1
6237 1
6238 1
6239 1
6240 1
6241 1
6242 1
6243 1
6244 1
6245 1
6246 1
6247 1
6248 1
6249 1
6250 1
6251 1
6252 1
6253 1
6254 1
6255 1
6256 1
6257 1
6258 1
6259 1
6260 1
6261 1
6262 1
6263 1
6264 1
6265 1
6266 1
6267 1
6268 1
6269 1
6270 1
6271 1
6272 1
6273 1
6274 1
6275 1
6276 1
6277 1
6278 1
6279 1
6280 1
6281 1
6282 1
6283 1
6284 1
6285 1
6286 1
6287 1
6288 1
6289 1
6290 1
6291 1
6292 1
6293 50
6294 50
6295 40
6296 40
6297 50
6298 50
6299 40
6300 40
6301 1
6302 1
6303 40
6304 40
6305 1
6306 1
6307 1
6308 1
6309 1
6310 1
6311 1
6312 1
6313 500
6314 500
6315 1
6316 1
6317 2400
6318 2400
6319 1
6320 1
6321 1
6322 1
6323 1
6324 1
6325 1
6326 1
6327 1
6328 1
6329 1
6330 1
6331 1
6332 1
6333 9
6334 9
6335 630
6336 630
6337 630
6338 630
6339 630
6340 630
6341 360
6342 360
6343 250
6344 250
6345 1
6346 1
6347 1
6348 1
6349 1
6350 1
6351 360
6352 360
6353 250
6354 250
6355 1
6356 1
6357 1
6358 1
6359 1
6360 1
6361 360
6362 360
6363 250
6364 250
6365 1
6366 1
6367 1
6368 1
6369 1
6370 1
6371 360
6372 360
6373 250
6374 250
6375 1
6376 1
6377 1
6378 1
6379 1
6380 1
6381 1
6382 24
6383 24
6384 15
6385 15
6386 25
6387 25
6388 15
6389 15
6390 25
6391 25
6392 35
6393 35
6394 20
6395 20
6396 40
6397 40
6398 20
6399 20
6400 35
6401 35
6402 20
6403 20
6404 40
6405 40
6406 20
6407 20
6408 1
6409 1
6410 1
6411 1
6412 1
6413 1
6414 1
6415 1
6416 1200
6417 1200
6418 1
6419 1
6420 1
6421 1
6422 4
6423 4
6424 4
6425 4
6426 4
6427 4
6428 4
6429 4
6430 90
6431 90
6432 180
6433 180
6434 250
6435 250
6436 3
6437 3
6438 3
6439 3
6440 1
6441 1
6442 1
6443 1
6444 1
6445 1
6446 1
6447 1
6448 1
6449 1
6450 1
6451 1
6452 1
6453 1
6454 1
6455 1
6456 1
6457 1
6458 1
6459 1
6460 1
6461 1
6462 1
6463 1
6464 1
6465 1
6466 1
6467 1
6468 40
6469 1
6470 1
6471 1
6472 1
6473 1
6474 1
6475 1
6476 1
6477 1
6478 1
6479 1
6480 1
6481 1
6482 1
6483 1
6484 1
6485 1
6486 1
6487 1
6488 1
6489 1
6490 1
6491 1
6492 1
6493 1
6494 1
6495 1
6496 1
6497 1
6498 1
6499 1
6500 1
6501 1
6502 1
6503 1
6504 1
6505 1
6506 1
6507 1
6508 1
6509 1
6510 1
6511 1
6512 1
6513 1
6514 1
6515 1
6516 1
6517 1
6518 1
6519 1
6520 1
6521 1
6522 1
6523 1
6524 1
6525 1
6526 1
6527 1
6528 1
6529 1
6530 1
6531 1
6532 1
6533 1
6534 1
6535 1
6536 1
6537 1
6538 1
6539 1
6540 1
6541 1
6542 1
6543 1
6544 1
6545 1
6546 1
6547 1
6548 1
6549 1
6550 1
6551 1
6552 1
6553 1
6554 1
6555 1
6556 1
6557 1
6558 1
6559 1
6560 1
6561 1
6562 1
6563 40000
6564 1
6565 1
6566 1
6567 1
6568 1
6569 1
6570 1
6571 1
6572 1
6573 1
6574 1
6575 1
6576 1
6577 1
6578 1
6579 1
6580 1
6581 1
6582 1
6583 1
6584 1
6585 1
6586 1
6587 360
6588 360
6589 1248
6590 1248
6591 240
6592 240
6593 1
6594 1
6595 1
6596 1
6597 1
6598 1
6599 1920
6600 1920
6601 432
6602 432
6603 200
6604 200
6605 624
6606 624
6607 960
6608 960
6609 1920
6610 1920
6611 768
6612 768
6613 980
6614 980
6615 1440
6616 1440
6617 3840
6618 3840
6619 576
6620 576
6621 576
6622 576
6623 1056
6624 1056
6625 1920
6626 1920
6627 1920
6628 1920
6629 6
6630 6
6631 1152
6632 1152
6633 1632
6634 1632
6635 1
6636 1
6637 1
6638 1
6639 1
6640 1
6641 1
6642 1
6643 1
6644 1
6645 1
6646 1
6647 1
6648 1
6649 1
6650 1
6651 1
6652 1
6653 1
6654 1
6655 1
6656 1
6657 1
6658 1
6659 1
6660 1
6661 1
6662 1
6663 1
6664 1
6665 1
6666 1
6667 1
6668 1
6669 1
6670 1
6671 1
6672 1
6673 1
6674 10
6675 1
6676 1
6677 1
6678 1
6679 1
6680 1
6681 1
6682 1
6683 1
6684 1
6685 1
6686 1
6687 1
6688 1
6689 1
6690 1
6691 1
6692 1
6693 1
6694 1
6695 1
6696 1
6697 1
6698 1
6699 1
6700 1
6701 1
6702 1
6703 1
6704 1
6705 12
6706 12
6707 1
6708 200
6709 1
6710 1
6711 1
6712 1
6713 1
6714 1
6715 1
6716 1
6717 1
6718 1
6719 1
6720 200
6721 1
6722 1
6723 1
6724 1
6725 1
6726 1
6727 40000
6728 1
6729 1
6730 1
6731 1
6732 1
6733 1
6734 1
6735 1
6736 1
6737 1
6738 1
6739 1
6740 1
6741 1
6742 1
6743 1
6744 1
6745 1
6746 1
6747 1
6748 1
6749 1
6750 1
6751 1
6752 1
6753 1
6754 1
6755 1
6756 1
6757 1
6758 1
6759 1
6760 1
6761 1
6762 1
6763 1
6764 1
6765 1
6766 1
6767 1
6768 1
6769 1
6770 1
6771 1
6772 1
6773 1
6774 1
6775 1
6776 1
6777 1
6778 1
6779 1
6780 1
6781 1
6782 1
6783 1
6784 1
6785 1
6786 1
6787 1
6788 1
6789 1
6790 1
6791 1
6792 1
6793 1
6794 30
6795 30
6796 1
6797 8
6798 1
6799 1
6800 1
6801 1
6802 1
6803 1
6804 1
6805 1
6806 1
6807 1
6808 1
6809 1
6810 1
6811 1
6812 1
6813 1
6814 20
6815 20
6816 1
6817 1
6818 1
6819 1
6820 1
6821 1
6822 1
6823 1
6824 1
6825 1
6826 1
6827 1
6828 1
6829 1
6830 1
6831 1
6832 1
6833 1
6834 1
6835 1
6836 1
6837 1
6838 1
6839 1
6840 1
6841 1
6842 1
6843 1
6844 1
6845 1
6846 1
6847 1
6848 1
6849 1
6850 1
6851 1
6852 1
6853 1
6854 1
6855 1
6856 1
6857 1
6858 1
6859 1
6860 1
6861 1
6862 1
6863 1
6864 1
6865 1
6866 1
6867 1
6868 1
6869 1
6870 1
6871 1
6872 1
6873 1
6874 1
6875 1
6876 1
6877 1
6878 1
6879 1
6880 1
6881 1
6882 1
6883 1
6884 1
6885 1
6886 1
6887 1
6888 1
6889 1
6890 1
6891 200
6892 200
6893 6
6894 6908
6895 1920
6896 350
6897 32000
6898 1
6899 1
6900 1
6901 1
6902 1
6903 4800
6904 1
6905 1
6906 1
6907 1
6908 1
6909 1
6910 1
6911 1
6912 1
6913 1
6914 1
6915 1
6916 1
6917 1
6918 1
6919 1
6920 1
6921 1
6922 1
6923 1
6924 1
6925 1
6926 1
6927 1
6928 1
6929 1
6930 1
6931 1
6932 1
6933 1
6934 1
6935 1
6936 1
6937 1
6938 1
6939 1
6940 1
6941 1
6942 1
6943 1
6944 1
6945 1
6946 1
6947 1
6948 1
6949 1
6950 1
6951 1
6952 1
6953 1
6954 1
6955 20
6956 1
6957 1
6958 1
6959 1
6960 1
6961 1
6962 1
6963 1
6964 1
6965 1
6966 1
6967 1
6968 1
6969 386
6970 1
6971 1
6972 1
6973 1
6974 1
6975 1
6976 1
6977 1
6978 1
6979 1
6980 1
6981 1
6982 1
6983 1
6984 1
6985 1
6986 1
6987 1
6988 1
6989 1
6990 1
6991 1
6992 1
6993 1
6994 1
6995 1
6996 1
6997 1
6998 1
6999 1
7000 1
7001 1
7002 1
7003 1
7004 1
7005 1
7006 1
7007 1
7008 1
7009 1
7010 1
7011 1
7012 1
7013 1
7014 1
7015 1
7016 1
7017 1
7018 1
7019 1
7020 1
7021 1
7022 1
7023 1
7024 1
7025 1
7026 1
7027 1
7028 1
7029 1
7030 1
7031 1
7032 1
7033 1
7034 1
7035 1
7036 1
7037 1
7038 1
7039 1
7040 1
7041 1
7042 1
7043 1
7044 1
7045 1
7046 1
7047 1
7048 1
7049 1
7050 1
7051 130
7052 130
7053 130
7054 1
7055 1
7056 1
7057 1
7058 1
7059 1
7060 1
7061 1
7062 1
7063 1
7064 1
7065 1
7066 1
7067 1
7068 1
7069 1
7070 1
7071 1
7072 1
7073 1
7074 1
7075 1
7076 1
7077 1
7078 1
7079 1
7080 1
7081 1
7082 1
7083 1
7084 1
7085 1
7086 1
7087 1
7088 1
7089 1
7090 1
7091 1
7092 1
7093 1
7094 1
7095 1
7096 1
7097 1
7098 1
7099 1
7100 1
7101 1
7102 1
7103 1
7104 1
7105 1
7106 1
7107 1
7108 1
7109 1
7110 300
7111 300
7112 100
7113 100
7114 350
7115 350
7116 350
7117 350
7118 1
7119 1
7120 1
7121 1
7122 300
7123 300
7124 100
7125 100
7126 350
7127 350
7128 300
7129 300
7130 100
7131 100
7132 350
7133 350
7134 300
7135 300
7136 100
7137 100
7138 350
7139 350
7140 2560
7141 1040
7142 25600
7143 1
7144 1
7145 1
7146 1
7147 1
7148 1
7149 1
7150 1
7151 1
7152 1
7153 1
7154 1
7155 23
7156 1
7157 30
7158 1
7159 1
7160 1
7161 1
7162 5
7163 5
7164 1
7165 1
7166 1
7167 1
7168 1
7169 1
7170 54
7171 54
7172 1
7173 1
7174 1
7175 1
7176 1
7177 1
7178 24
7179 24
7180 1
7181 1
7182 1
7183 1
7184 1
7185 1
7186 1
7187 1
7188 1
7189 1
7190 1
7191 1
7192 1
7193 1
7194 1
7195 1
7196 1
7197 1
7198 1
7199 1
7200 1
7201 1
7202 1
7203 1
7204 1
7205 1
7206 1
7207 1
7208 1
7209 1
7210 1
7211 1
7212 1
7213 1
7214 1
7215 1
7216 1
7217 1
7218 1
7219 1
7220 1
7221 1
7222 1
7223 1
7224 84
7225 1
7226 1
7227 1
7228 1
7229 1
7230 1
7231 1
7232 1
7233 84
7234 1
7235 1
7236 1
7237 1
7238 1
7239 1
7240 1
7241 1
7242 1
7243 1
7244 1
7245 1
7246 1
7247 1
7248 1
7249 1
7250 1
7251 1
7252 1
7253 1
7254 1
7255 1
7256 1
7257 1
7258 1
7259 1
7260 1
7261 1
7262 1
7263 1
7264 1
7265 1
7266 1
7267 1
7268 1
7269 1
7270 1
7271 1
7272 1
7273 1
7274 10000
7275 1
7276 10000
7277 1
7278 10000
7279 1
7280 10000
7281 1
7282 10000
7283 1
7284 10000
7285 1
7286 10000
7287 1
7288 10000
7289 1
7290 10000
7291 1
7292 10000
7293 1
7294 10000
7295 1
7296 10000
7297 1
7298 10000
7299 1
7300 10000
7301 10000
7302 1
7303 10000
7304 10000
7305 10000
7306 1
7307 10000
7308 1
7309 10000
7310 1
7311 10000
7312 1
7313 10000
7314 1
7315 10000
7316 1
7317 10000
7318 1
7319 1
7320 1
7321 1
7322 1
7323 1
7324 1
7325 1
7326 1
7327 1
7328 1
7329 1
7330 1
7331 1
7332 1
7333 1
7334 1
7335 1
7336 1
7337 1
7338 1
7339 1
7340 1
7341 1
7342 1
7343 1
7344 1
7345 1
7346 1
7347 1
7348 1
7349 1
7350 1
7351 1
7352 1
7353 1
7354 1
7355 1
7356 1
7357 1
7358 1
7359 1
7360 1
7361 1
7362 1
7363 1
7364 1
7365 1
7366 1
7367 1
7368 1
7369 1
7370 1
7371 1
7372 1
7373 1
7374 1
7375 1
7376 1
7377 1
7378 1
7379 1
7380 1
7381 1
7382 1
7383 1
7384 1
7385 1
7386 1
7387 1
7388 1
7389 1
7390 1
7391 1
7392 1
7393 1
7394 1
7395 1
7396 1
7397 1
7398 1
7399 1
7400 1
7401 1
7402 1
7403 1
7404 1
7405 1
7406 1
7407 1
7408 1
7409 1
7410 1
7411 1
7412 1
7413 1
7414 1
7415 1
7416 1
7417 1
7418 1
7419 1
7420 1
7421 1
7422 1
7423 1
7424 1
7425 1
7426 1
7427 1
7428 1
7429 1
7430 1
7431 1
7432 1
7433 45
7434 45
7435 65
7436 65
7437 422
7438 422
7439 2496
7440 2496
7441 2158
7442 2158
7443 4160
7444 4160
7445 18720
7446 18720
7447 10400
7448 10400
7449 53950
7450 53950
7451 33280
7452 33280
7453 65
7454 130
7455 250
7456 650
7457 1300
7458 1950
7459 1
7460 6500
7461 130000
7462 1
7463 1
7464 1
7465 1
7466 1
7467 1
7468 1
7469 1
7470 1
7471 1
7472 1
7473 1
7474 1
7475 1
7476 1
7477 1
7478 1
7479 1
7480 1
7481 1
7482 1
7483 1
7484 1
7485 1
7486 1
7487 1
7488 1
7489 1
7490 1
7491 1
7492 1
7493 1
7494 1
7495 1
7496 1
7497 1
7498 1
7499 1
7500 1
7501 1
7502 1
7503 1
7504 1
7505 1
7506 1
7507 1
7508 4
7509 1
7510 1
7511 1
7512 1
7513 1
7514 1
7515 1
7516 1
7517 1
7518 1
7519 1
7520 1
7521 1
7522 1
7523 1
7524 1
7525 1
7526 1
7527 1
7528 1
7529 1
7530 1
7531 1
7532 1
7533 1
7534 1
7535 1
7536 1
7537 1
7538 1
7539 1
7540 1
7541 1
7542 1
7543 1
7544 1
7545 1
7546 1
7547 1
7548 1
7549 1
7550 1
7551 1
7552 76
7553 76
7554 4
7555 4
7556 4
7557 4
7558 4
7559 4
7560 90
7561 90
7562 1
7563 1
7564 1
7565 1
7566 1
7567 1
7568 1
7569 1
7570 1
7571 1
7572 1
7573 1
7574 1
7575 1
7576 1
7577 1
7578 1
7579 1
7580 1
7581 1
7582 1
7583 1
7584 1
7585 1
7586 1
7587 1
7588 1
7589 1
7590 1
7591 1
7592 1
7593 1
7594 1
7595 1
7596 1
7597 1
7598 1
7599 1
7600 1
7601 1
7602 1
7603 1
7604 1
7605 1
7606 1
7607 1
7608 1
7609 1
7610 1
7611 1
7612 1
7613 1
7614 1
7615 1
7616 1
7617 1
7618 1
7619 1
7620 1
7621 1
7622 1
7623 1
7624 1
7625 1
7626 1
7627 1
7628 1
7629 1
7630 1
7631 1
7632 1
7633 1
7634 1
7635 1
7636 1
7637 1
7638 1
7639 1
7640 1
7641 1
7642 1
7643 1
7644 1
7645 1
7646 1
7647 1
7648 1
7649 1
7650 1
7651 1
7652 1
7653 1
7654 1
7655 1
7656 1
7657 1
7658 1
7659 1
7660 1
7661 1
7662 1
7663 1
7664 1
7665 1
7666 1
7667 1
7668 3000
7669 3000
7670 1
7671 1
7672 1
7673 1
7674 1
7675 1
7676 20
7677 1
7678 1
7679 1
7680 1
7681 1
7682 1
7683 1
7684 1
7685 1
7686 1
7687 1
7688 1
7689 1
7690 1
7691 1
7692 1
7693 1
7694 1
7695 1
7696 1
7697 1
7698 1
7699 1
7700 1
7701 1
7702 1
7703 1
7704 1
7705 1
7706 1
7707 1
7708 1
7709 1
7710 1
7711 1
7712 1
7713 1
7714 1
7715 1
7716 1
7717 1
7718 1
7719 1
7720 1
7721 1
7722 1
7723 1
7724 1
7725 1
7726 1
7727 1
7728 1
7729 1
7730 10
7731 10
7732 1
7733 10
7734 10
7735 1
7736 10
7737 10
7738 1
7739 1
7740 1
7741 1
7742 1
7743 1
7744 3
7745 3
7746 2
7747 2
7748 2
7749 2
7750 5
7751 5
7752 2
7753 2
7754 1
7755 1
7756 1
7757 1
7758 1
7759 1
7760 1
7761 1
7762 1
7763 1
7764 1
7765 1
7766 1
7767 1705
7768 1705
7769 1
7770 1
7771 1
7772 1
7773 1
7774 1
7775 1
7776 1
7777 1
7778 1
7779 1
7780 1
7781 1
7782 1
7783 1
7784 1
7785 1
7786 1
7787 1
7788 1
7789 1
7790 1
7791 1
7792 1
7793 1
7794 1
7795 1
7796 1
7797 1
7798 1
7799 1
7800 1
7801 1
7802 1
7803 1
7804 1
7805 1
7806 1
7807 1
7808 1
7809 1
7810 1
7811 1
7812 1
7813 1
7814 1
7815 1
7816 1
7817 1
7818 1
7819 1
7820 1
7821 1
7822 1
7823 1
7824 1
7825 1
7826 1
7827 1
7828 1
7829 1
7830 1
7831 1
7832 1
7833 1
7834 1
7835 1
7836 1
7837 1
7838 1
7839 1
7840 1
7841 1
7842 1
7843 1
7844 1
7845 1
7846 1
7847 1
7848 1
7849 1
7850 1
7851 1
7852 1
7853 1
7854 1
7855 1
7856 1
7857 1
7858 1
7859 1
7860 1
7861 1
7862 1
7863 1
7864 1
7865 1
7866 1
7867 1
7868 1
7869 1
7870 1
7871 1
7872 1
7873 1
7874 1
7875 1
7876 1
7877 1
7878 1
7879 1
7880 1
7881 1
7882 1
7883 1
7884 1
7885 1
7886 1
7887 1
7888 1
7889 1
7890 1
7891 1
7892 1
7893 1
7894 1
7895 1
7896 1
7897 1
7898 1
7899 1
7900 1
7901 1
7902 1
7903 1
7904 1
7905 1
7906 1
7907 1
7908 1
7909 1
7910 1
7911 1
7912 1
7913 1
7914 1
7915 1
7916 1
7917 1
7918 1
7919 500
7920 500
7921 1
7922 1
7923 1
7924 1
7925 1
7926 1
7927 1
7928 1
7929 1
7930 1
7931 1
7932 1
7933 1
7934 390
7935 390
7936 70
7937 70
7938 1
7939 1
7940 1
7941 1
7942 1
7943 1
7944 1
7945 1
7946 1
7947 1
7948 1
7949 1
7950 1
7951 1
7952 1
7953 1
7954 1
7955 1
7956 1
7957 2
7958 1
7959 1
7960 1
7961 1
7962 1
7963 1
7964 1
7965 1
7966 1
7967 1
7968 1
7969 1
7970 1
7971 1
7972 1
7973 1
7974 1
7975 1
7976 1
7977 1
7978 1
7979 1
7980 1
7981 1
7982 1
7983 1
7984 1
7985 1
7986 1
7987 1
7988 1
7989 1
7990 1
7991 1
7992 1
7993 1
7994 1
7995 1
7996 1000
7997 1
7998 1
7999 2000
8000 2000
8001 2000
8002 2000
8003 2000
8004 1
8005 1
8006 1
8007 1
8008 1
8009 1
8010 1
8011 1
8012 1
8013 1
8014 1
8015 1
8016 1
8017 1
8018 1
8019 1
8020 1
8021 1
8022 1
8023 1
8024 1
8025 1
8026 1
8027 1
8028 1
8029 1
8030 1
8031 1
8032 1
8033 1
8034 1
8035 1
8036 1
8037 1
8038 1
8039 1
8040 1
8041 1
8042 1
8043 1
8044 1
8045 1
8046 1
8047 1
8048 1
8049 1
8050 1
8051 1
8052 1
8053 1
8054 1
8055 1
8056 1
8057 1
8058 1
8059 1
8060 1
8061 1
8062 1
8063 1
8064 1
8065 1
8066 1
8067 1
8068 1
8069 1
8070 1
8071 1
8072 1
8073 1
8074 1
8075 1
8076 1
8077 1
8078 1
8079 1
8080 1
8081 1
8082 1
8083 1
8084 1
8085 1
8086 1
8087 1
8088 1
8089 1
8090 1
8091 1
8092 1
8093 1
8094 1
8095 1
8096 1
8097 1
8098 1
8099 1
8100 1
8101 1
8102 1
8103 1
8104 1
8105 1
8106 1
8107 1
8108 1
8109 1
8110 1
8111 1
8112 1
8113 1
8114 1
8115 1
8116 1
8117 1
8118 1
8119 1
8120 1
8121 1
8122 1
8123 1
8124 1
8125 1
8126 1
8127 1
8128 1
8129 1
8130 1
8131 1
8132 1
8133 1
8134 1
8135 1
8136 1
8137 1
8138 1
8139 1
8140 1
8141 1
8142 1
8143 1
8144 1
8145 1
8146 1
8147 1
8148 1
8149 1
8150 1
8151 1
8152 1
8153 1
8154 1
8155 1
8156 1
8157 1
8158 1
8159 1
8160 1
8161 1
8162 1
8163 1
8164 1
8165 1
8166 1
8167 1
8168 1
8169 1
8170 1
8171 1
8172 1
8173 1
8174 1
8175 1
8176 1
8177 1
8178 1
8179 1
8180 1
8181 1
8182 1
8183 1
8184 1
8185 1
8186 1
8187 1
8188 1
8189 1
8190 1
8191 1
8192 1
8193 1
8194 1
8195 1
8196 1
8197 1
8198 1
8199 1
8200 1
8201 1
8202 1
8203 1
8204 1
8205 1
8206 1
8207 1
8208 1
8209 1
8210 1
8211 1
8212 1
8213 1
8214 1
8215 1
8216 1
8217 1
8218 1
8219 1
8220 1
8221 1
8222 1
8223 1
8224 1
8225 1
8226 1
8227 1
8228 1
8229 1
8230 1
8231 1
8232 1
8233 1
8234 1
8235 1
8236 1
8237 1
8238 1
8239 1
8240 1
8241 3
8242 2
8243 2
8244 1
8245 1
8246 1
8247 1
8248 1
8249 1
8250 1
8251 1
8252 1
8253 1
8254 1
8255 1
8256 1
8257 1
8258 1
8259 1
8260 1
8261 1
8262 1
8263 1
8264 1
8265 1
8266 1
8267 1
8268 1
8269 1
8270 1
8271 1
8272 1
8273 1
8274 1
8275 1
8276 1
8277 1
8278 1
8279 1
8280 1
8281 1
8282 26
8283 1
8284 675
8285 1
8286 1
8287 1
8288 1
8289 1
8290 1
8291 1
8292 1
8293 1
8294 1
8295 1
8296 1
8297 1
8298 1
8299 1
8300 1
8301 1
8302 1
8303 1
8304 1
8305 1
8306 1
8307 1
8308 1
8309 1
8310 1
8311 1
8312 1
8313 1
8314 1
8315 1
8316 1
8317 1
8318 1
8319 1
8320 1
8321 1
8322 1
8323 1
8324 1
8325 1
8326 1
8327 1
8328 1
8329 1
8330 1
8331 1
8332 1
8333 1
8334 1
8335 1
8336 1
8337 1
8338 1
8339 1
8340 1
8341 1
8342 1
8343 1
8344 1
8345 1
8346 1
8347 1
8348 1
8349 1
8350 1
8351 1
8352 1
8353 1
8354 1
8355 1
8356 1
8357 1
8358 1
8359 1
8360 1
8361 1
8362 1
8363 1
8364 1
8365 1
8366 1
8367 1
8368 1
8369 1
8370 1
8371 1
8372 1
8373 1
8374 1
8375 1
8376 1
8377 1
8378 1
8379 1
8380 1
8381 1
8382 1
8383 1
8384 1
8385 1
8386 1
8387 1
8388 1
8389 1
8390 1
8391 1
8392 1
8393 1
8394 1
8395 1
8396 1
8397 1
8398 1
8399 1
8400 1
8401 1
8402 1
8403 1
8404 1
8405 1
8406 1
8407 1
8408 1
8409 1
8410 1
8411 1
8412 1
8413 1
8414 1
8415 1
8416 1
8417 1000
8418 1000
8419 2000
8420 2000
8421 5000
8422 5000
8423 10000
8424 10000
8425 15000
8426 15000
8427 20000
8428 20000
8429 50000
8430 50000
8431 1000
8432 1000
8433 5000
8434 5000
8435 10000
8436 10000
8437 1
8438 1
8439 1
8440 1
8441 1
8442 1
8443 1
8444 1
8445 1
8446 1
8447 1
8448 1
8449 1
8450 1
8451 1
8452 1
8453 10000
8454 10000
8455 15000
8456 15000
8457 5000
8458 5000
8459 10000
8460 10000
8461 15000
8462 15000
8463 1
8464 1
8465 1
8466 1
8467 1
8468 1
8469 1
8470 1
8471 1
8472 1
8473 1
8474 1
8475 1
8476 1
8477 1
8478 1
8479 1
8480 1
8481 1
8482 1
8483 1
8484 1
8485 1
8486 1
8487 1
8488 1
8489 1
8490 1
8491 1
8492 1
8493 1
8494 1
8495 1
8496 1
8497 1
8498 1
8499 1
8500 1
8501 1
8502 1
8503 1
8504 1
8505 1
8506 1
8507 1
8508 1
8509 1
8510 1
8511 1
8512 1
8513 1
8514 1
8515 1
8516 1
8517 1
8518 1
8519 1
8520 3
8521 3
8522 2
8523 2
8524 2
8525 2
8526 1
8527 1
8528 1
8529 1
8530 1
8531 1
8532 1
8533 1
8534 1
8535 1
8536 1
8537 1
8538 1
8539 1
8540 1
8541 1
8542 1
8543 1
8544 1
8545 1
8546 1
8547 1
8548 1
8549 1
8550 1
8551 1
8552 1
8553 1
8554 1
8555 1
8556 1
8557 1
8558 1
8559 1
8560 1
8561 1
8562 1
8563 1
8564 1
8565 1
8566 1
8567 1
8568 1
8569 1
8570 1
8571 1
8572 1
8573 1
8574 1
8575 1
8576 1
8577 1
8578 1
8579 1
8580 1
8581 1
8582 1
8583 1
8584 1
8585 1
8586 1
8587 1
8588 1
8589 1
8590 1
8591 1
8592 1
8593 1
8594 1
8595 1
8596 1
8597 1
8598 1
8599 1
8600 1
8601 1
8602 1
8603 1
8604 1
8605 1
8606 1
8607 1
8608 1
8609 1
8610 1
8611 1
8612 1
8613 1
8614 1
8615 1
8616 1
8617 1
8618 1
8619 1
8620 1
8621 1
8622 1
8623 1
8624 1
8625 1
8626 1
8627 1
8628 1
8629 1
8630 1
8631 1
8632 1
8633 1
8634 1
8635 1
8636 1
8637 1
8638 1
8639 1
8640 1
8641 1
8642 1
8643 1
8644 1
8645 1
8646 1
8647 1
8648 1
8649 1
8650 1
8651 1
8652 1
8653 1
8654 1
8655 1
8656 1
8657 1
8658 1
8659 1
8660 1
8661 1
8662 1
8663 1
8664 1
8665 1
8666 1
8667 1
8668 1
8669 1
8670 1
8671 1
8672 1
8673 1
8674 1
8675 1
8676 1
8677 1
8678 1
8679 1
8680 1
8681 1
8682 1
8683 1
8684 1
8685 1
8686 1
8687 1
8688 1
8689 1
8690 1
8691 1
8692 1
8693 1
8694 1
8695 1
8696 1
8697 1
8698 1
8699 1
8700 1
8701 1
8702 1
8703 1
8704 1
8705 1
8706 1
8707 1
8708 1
8709 1
8710 1
8711 1
8712 1
8713 1
8714 1
8715 1
8716 1
8717 1
8718 1
8719 1
8720 1
8721 1
8722 1
8723 1
8724 1
8725 1
8726 1
8727 1
8728 1
8729 1
8730 1
8731 1
8732 1
8733 1
8734 1
8735 1
8736 1
8737 1
8738 1
8739 1
8740 1
8741 1
8742 1
8743 1
8744 1
8745 1
8746 850
8747 1
8748 850
8749 1
8750 850
8751 1
8752 850
8753 1
8754 850
8755 1
8756 850
8757 1
8758 850
8759 1
8760 850
8761 1
8762 850
8763 1
8764 850
8765 1
8766 850
8767 1
8768 850
8769 1
8770 850
8771 1
8772 850
8773 1
8774 850
8775 1
8776 850
8777 1
8778 1
8779 1
8780 500
8781 500
8782 1500
8783 1500
8784 130000
8785 130000
8786 325000
8787 325000
8788 975000
8789 975000
8790 650
8791 650
8792 1
8793 1
8794 13
8795 13
8796 1
8797 1
8798 1
8799 1
8800 1
8801 1
8802 1
8803 1
8804 1
8805 1
8806 1
8807 1
8808 1
8809 1
8810 1
8811 1
8812 1
8813 1
8814 1
8815 1
8816 1
8817 1
8818 1
8819 1
8820 1
8821 1
8822 1
8823 1
8824 1
8825 1
8826 1
8827 1
8828 1
8829 1
8830 1
8831 1
8832 1
8833 1
8834 1
8835 1
8836 1
8837 1
8838 1
8839 1
8840 1
8841 1
8842 1
8843 1
8844 1
8845 1
8846 1
8847 1
8848 1
8849 1
8850 1
8851 1
8852 1
8853 1
8854 1
8855 1
8856 1
8857 1
8858 1
8859 1
8860 1
8861 1
8862 1
8863 1
8864 1
8865 1
8866 1
8867 1
8868 1
8869 1
8870 1
8871 1
8872 2000
8873 2000
8874 1
8875 1
8876 1
8877 1
8878 1
8879 1
8880 1
8881 1
8882 3
8883 1
8884 1
8885 1
8886 1
8887 1
8888 1
8889 1
8890 1
8891 1
8892 1
8893 1
8894 1
8895 1
8896 1
8897 1
8898 1
8899 1
8900 1
8901 1
8902 1
8903 1
8904 1
8905 1
8906 1
8907 1
8908 1
8909 1
8910 1
8911 1
8912 1
8913 1
8914 1
8915 1
8916 1
8917 1
8918 1
8919 1
8920 1
8921 1
8922 1
8923 1
8924 1
8925 1
8926 1
8927 1
8928 1
8929 1
8930 1
8931 1
8932 1
8933 1
8934 1
8935 1
8936 1
8937 1
8938 1
8939 1
8940 1
8941 1
8942 1
8943 1
8944 1
8945 1
8946 1
8947 1
8948 1
8949 100
8950 1
8951 1
8952 1
8953 1
8954 1
8955 1
8956 1
8957 1
8958 1
8959 1
8960 1
8961 1
8962 1
8963 1
8964 1
8965 1
8966 1
8967 1
8968 1
8969 1
8970 1
8971 1
8972 1
8973 1
8974 1
8975 1
8976 1
8977 1
8978 1
8979 1
8980 1
8981 1
8982 1
8983 1
8984 1
8985 1
8986 2
8987 4
8988 50
8989 1
8990 1
8991 1
8992 1
8993 1
8994 1
8995 1
8996 1
8997 1
8998 1
8999 1
9000 1
9001 1
9002 1
9003 2
9004 1
9005 1
9006 1
9007 1
9008 1
9009 1
9010 1
9011 1
9012 1
9013 1
9014 2
9015 1
9016 950
9017 1
9018 1
9019 1
9020 1
9021 1
9022 1
9023 1
9024 1
9025 1
9026 1
9027 1
9028 1
9029 1
9030 1
9031 1
9032 1
9033 1
9034 1
9035 1
9036 1
9037 1
9038 1
9039 1
9040 1
9041 1
9042 1
9043 1
9044 1
9045 1
9046 1
9047 1
9048 1
9049 1
9050 1
9051 1
9052 1
9053 1
9054 1
9055 1
9056 1
9057 1
9058 1
9059 1
9060 1
9061 1
9062 1
9063 1
9064 1
9065 1
9066 1
9067 1
9068 1000
9069 1000
9070 1000
9071 1000
9072 900
9073 900
9074 200
9075 220
9076 1
9077 1
9078 1
9079 1
9080 1
9081 1
9082 1
9083 1
9084 30000
9085 2
9086 10
9087 1
9088 1
9089 1
9090 1
9091 1
9092 1
9093 1
9094 1
9095 1
9096 15000
9097 120000
9098 80000
9099 10000
9100 10000
9101 12000
9102 4000
9103 1
9104 2000
9105 1
9106 1
9107 1
9108 1
9109 1
9110 1
9111 1
9112 1
9113 1
9114 1
9115 1
9116 1
9117 1
9118 1
9119 1
9120 1
9121 1
9122 1
9123 1
9124 1
9125 1
9126 1
9127 1
9128 1
9129 1
9130 1
9131 1
9132 1
9133 1
9134 1
9135 1
9136 1
9137 1
9138 1
9139 1
9140 1
9141 1
9142 1
9143 1
9144 1
9145 1
9146 1
9147 1
9148 1
9149 1
9150 1
9151 1
9152 1
9153 1
9154 1
9155 1
9156 1
9157 1
9158 1
9159 1
9160 1
9161 1
9162 1
9163 1
9164 1
9165 1
9166 1
9167 1
9168 1
9169 1
9170 1
9171 1
9172 1
9173 1
9174 1
9175 1
9176 1
9177 1
9178 1
9179 1
9180 1
9181 1
9182 1
9183 1
9184 1
9185 1
9186 1
9187 1
9188 1
9189 1
9190 1
9191 1
9192 1
9193 1
9194 1500
9195 1
9196 1
9197 1
9198 1
9199 1
9200 1
9201 1
9202 1
9203 1
9204 1
9205 1
9206 1
9207 1
9208 1
9209 1
9210 1
9211 1
9212 1
9213 1
9214 1
9215 1
9216 1
9217 1
9218 1
9219 1
9220 1
9221 1
9222 1
9223 1
9224 1
9225 1
9226 1
9227 1
9228 1
9229 1
9230 1
9231 1
9232 1
9233 1
9234 1
9235 1
9236 1
9237 1
9238 1
9239 1
9240 1
9241 1
9242 1
9243 1
9244 1
9245 1
9246 1
9247 1
9248 1
9249 1
9250 1
9251 1
9252 1
9253 1
9254 1
9255 1
9256 1
9257 1
9258 1
9259 1
9260 1
9261 1
9262 1
9263 1
9264 1
9265 1
9266 1
9267 1
9268 1
9269 1
9270 1
9271 1
9272 1
9273 1
9274 1
9275 1
9276 1
9277 1
9278 1
9279 1
9280 1
9281 1
9282 1
9283 1
9284 1
9285 1
9286 1
9287 1
9288 1
9289 1
9290 1
9291 1
9292 1
9293 1
9294 1
9295 1
9296 1
9297 1
9298 1
9299 1
9300 1
9301 1
9302 1
9303 1
9304 1
9305 1
9306 1
9307 1
9308 1
9309 1
9310 1
9311 1
9312 1
9313 1
9314 1
9315 1
9316 1
9317 1
9318 1
9319 1
9320 1
9321 1
9322 1
9323 1
9324 1
9325 1
9326 1
9327 1
9328 1
9329 1
9330 1
9331 1
9332 1
9333 1
9334 1
9335 1
9336 62
9337 1
9338 1
9339 1
9340 1
9341 1
9342 1
9343 1
9344 1
9345 1
9346 1
9347 1
9348 1
9349 1
9350 1
9351 1
9352 1
9353 1
9354 1
9355 1
9356 1
9357 1
9358 1
9359 1
9360 1
9361 1
9362 1
9363 1
9364 1
9365 1
9366 1
9367 1
9368 1
9369 1
9370 1
9371 1
9372 1
9373 1
9374 1
9375 1
9376 1
9377 2
9378 1
9379 1
9380 1
9381 1
9382 1
9383 1
9384 1
9385 1
9386 1
9387 1
9388 1
9389 1
9390 1
9391 1
9392 1
9393 1
9394 1
9395 1
9396 1
9397 1
9398 1
9399 1
9400 1
9401 1
9402 1
9403 1
9404 1
9405 1
9406 1
9407 1
9408 1
9409 1
9410 1
9411 1
9412 1
9413 1
9414 1
9415 1
9416 1
9417 1
9418 1
9419 1
9420 20
9421 20
9422 1
9423 210
9424 210
9425 750
9426 750
9427 1950
9428 1950
9429 4800
9430 4800
9431 57600
9432 57600
9433 1500
9434 25
9435 25
9436 1
9437 1
9438 1
9439 1
9440 8
9441 8
9442 1
9443 1
9444 21
9445 21
9446 231
9447 231
9448 1
9449 1
9450 1
9451 1
9452 1
9453 1
9454 1
9455 1
9456 1
9457 1
9458 1
9459 1
9460 1
9461 1
9462 1
9463 1
9464 1
9465 1
9466 1
9467 1
9468 1
9469 1
9470 1
9471 1
9472 1
9473 1
9474 1
9475 1
9476 1
9477 1
9478 1
9479 1
9480 1
9481 1
9482 1
9483 1
9484 1
9485 1
9486 1
9487 28
9488 28
9489 28
9490 28
9491 1
9492 1
9493 1
9494 1
9495 1
9496 1
9497 1
9498 1
9499 1
9500 1
9501 1
9502 1
9503 1
9504 1
9505 1
9506 1
9507 1
9508 28
9509 28
9510 28
9511 28
9512 12
9513 12
9514 1
9515 1
9516 28
9517 28
9518 28
9519 28
9520 30
9521 30
9522 1
9523 1
9524 1
9525 1
9526 1
9527 1
9528 1
9529 78
9530 78
9531 1
9532 1
9533 1
9534 1
9535 1
9536 1
9537 1
9538 1
9539 1
9540 70
9541 70
9542 80
9543 80
9544 70
9545 70
9546 1
9547 1
9548 1
9549 1
9550 1
9551 1
9552 1
9553 1
9554 1
9555 1
9556 1
9557 1
9558 1
9559 1
9560 1
9561 1
9562 1
9563 1
9564 1
9565 2
9566 1
9567 1
9568 1
9569 1
9570 1
9571 1
9572 1
9573 1
9574 1
9575 1
9576 1
9577 1
9578 1
9579 1
9580 1
9581 1
9582 1
9583 1
9584 1
9585 1
9586 10
9587 10
9588 1
9589 1
9590 1
9591 1
9592 1
9593 1
9594 1
9595 1
9596 1
9597 1
9598 1
9599 1
9600 1
9601 1
9602 1
9603 1
9604 1
9605 1
9606 1
9607 1
9608 1
9609 1
9610 1
9611 1
9612 1
9613 1
9614 1
9615 1
9616 1
9617 1
9618 1
9619 1
9620 1
9621 1
9622 1
9623 1
9624 1
9625 1
9626 1
9627 1
9628 1
9629 1265
9630 1265
9631 1
9632 1
9633 1
9634 650
9635 650
9636 650
9637 650
9638 650
9639 650
9640 1
9641 1
9642 1
9643 1
9644 1
9645 1
9646 1
9647 1
9648 1
9649 1
9650 1
9651 1
9652 1
9653 1
9654 1
9655 1
9656 1
9657 1
9658 1
9659 1
9660 2
9661 1
9662 1
9663 1
9664 1
9665 4
9666 25000
9667 25000
9668 20000
9669 20000
9670 25000
9671 25000
9672 8000
9673 8000
9674 12000
9675 12000
9676 10000
9677 10000
9678 10000
9679 10000
9680 1
9681 1
9682 1
9683 1
9684 1
9685 1
9686 1
9687 1
9688 1
9689 1
9690 1
9691 4
9692 1
9693 4
9694 1
9695 4
9696 1
9697 3
9698 1
9699 4
9700 1
9701 4
9702 1
9703 1
9704 1
9705 1
9706 1
9707 1
9708 1
9709 1
9710 1
9711 1
9712 1
9713 1
9714 1
9715 1
9716 1
9717 1
9718 1
9719 1
9720 1
9721 1
9722 1
9723 1
9724 1
9725 1
9726 1
9727 1
9728 1
9729 25
9730 25
9731 1
9732 1
9733 1
9734 1
9735 1
9736 1
9737 1
9738 1
9739 1
9740 1
9741 1
9742 1
9743 1
9744 1
9745 1
9746 1
9747 99000
9748 1
9749 99000
9750 99000
9751 1
9752 99000
9753 99000
9754 1
9755 99000
9756 99000
9757 1
9758 99000
9759 99000
9760 1
9761 99000
9762 1
9763 1
9764 99000
9765 99000
9766 1
9767 99000
9768 99000
9769 1
9770 99000
9771 1
9772 1
9773 1
9774 99000
9775 1
9776 99000
9777 99000
9778 1
9779 99000
9780 99000
9781 1
9782 99000
9783 99000
9784 1
9785 99000
9786 99000
9787 1
9788 99000
9789 99000
9790 1
9791 99000
9792 99000
9793 1
9794 99000
9795 99000
9796 1
9797 99000
9798 1
9799 1
9800 1
9801 99000
9802 1
9803 99000
9804 99000
9805 1
9806 99000
9807 1
9808 1
9809 1
9810 99000
9811 1
9812 99000
9813 99000
9814 99000
9815 1
9816 1
9817 1
9818 1
9819 1
9820 1
9821 1
9822 1
9823 1
9824 1
9825 1
9826 1
9827 1
9828 1
9829 1
9830 1
9831 1
9832 1
9833 1
9834 1
9835 1
9836 1
9837 1
9838 1
9839 1
9840 1
9841 1
9842 1
9843 1
9844 1
9845 1
9846 1
9847 1
9848 1
9849 1
9850 1
9851 1
9852 1
9853 1
9854 1
9855 1
9856 1
9857 1
9858 1
9859 1
9860 1
9861 1
9862 1
9863 1
9864 1
9865 1
9866 1
9867 1
9868 1
9869 1
9870 1
9871 1
9872 1
9873 1
9874 1
9875 1
9876 1
9877 1
9878 1
9879 1
9880 1
9881 1
9882 1
9883 1
9884 1
9885 1
9886 1
9887 1
9888 1
9889 1
9890 1
9891 1
9892 1
9893 1
9894 1
9895 1
9896 1
9897 1
9898 1
9899 1
9900 1
9901 1
9902 1
9903 1
9904 1
9905 1
9906 1
9907 1
9908 1
9909 1
9910 1
9911 1
9912 1
9913 1
9914 1
9915 1
9916 1
9917 1
9918 1
9919 1
9920 1
9921 1
9922 1
9923 1
9924 1
9925 1
9926 1
9927 1
9928 1
9929 1
9930 1
9931 1
9932 30000
9933 1
9934 1
9935 1
9936 1
9937 1
9938 1
9939 1
9940 1
9941 1
9942 1
9943 1
9944 1
9945 1
9946 1
9947 1
9948 99000
9949 1
9950 99000
9951 1
9952 1
9953 1
9954 1
9955 1
9956 1
9957 1
9958 1
9959 1
9960 1
9961 1
9962 1
9963 1
9964 1
9965 1
9966 1
9967 1
9968 1
9969 1
9970 1
9971 1
9972 1
9973 1
9974 1
9975 1
9976 1
9977 1
9978 63
9979 63
9980 1
9981 1
9982 1
9983 1
9984 1
9985 1
9986 1
9987 1
9988 1
9989 1
9990 1
9991 1
9992 1
9993 1
9994 1
9995 1
9996 1
9997 1
9998 1
9999 1
10000 1
10001 1
10002 1
10003 1
10004 1
10005 1
10006 6
10007 6
10008 38
10009 38
10010 24
10011 24
10012 1
10013 1
10014 1
10015 1
10016 1
10017 1
10018 1
10019 1
10020 1
10021 1
10022 1
10023 500
10024 500
10025 720
10026 720
10027 1
10028 1
10029 60
10030 60
10031 18
10032 18
10033 1
10034 1
10035 1
10036 1
10037 1
10038 1
10039 1
10040 1
10041 1
10042 1
10043 1
10044 1
10045 1
10046 1
10047 1
10048 1
10049 300
10050 300
10051 1
10052 1
10053 1
10054 1
10055 1
10056 1
10057 1
10058 1
10059 1
10060 1
10061 1
10062 1
10063 1
10064 1
10065 1
10066 1
10067 1
10068 1
10069 1
10070 1
10071 1
10072 1
10073 1
10074 1
10075 1
10076 1
10077 1
10078 1
10079 1
10080 1
10081 1
10082 1
10083 1
10084 1
10085 1
10086 1
10087 1
10088 1
10089 1
10090 1
10091 1
10092 1
10093 1
10094 1
10095 1
10096 1
10097 1
10098 1
10099 1
10100 1
10101 1
10102 1
10103 1
10104 1
10105 1
10106 1
10107 1
10108 1
10109 1
10110 1
10111 1
10112 1
10113 1
10114 1
10115 1
10116 1
10117 1
10118 1
10119 1
10120 1
10121 1
10122 1
10123 1
10124 1
10125 1
10126 1
10127 1
10128 1
10129 1
10130 1
10131 1
10132 1
10133 1
10134 1
10135 1
10136 48
10137 48
10138 1
10139 1
10140 1
10141 1
10142 1
10143 1
10144 1
10145 1
10146 40
10147 1
10148 1
10149 20
10150 4
10151 4
10152 1
10153 1
10154 1
10155 1
10156 1300
10157 1300
10158 350
10159 1
10160 40
10161 1
10162 1
10163 20
10164 1
10165 1
10166 1
10167 1
10168 1
10169 1
10170 1
10171 1
10172 1
10173 1
10174 1
10175 1
10176 1
10177 1
10178 1
10179 1
10180 1
10181 1
10182 1
10183 1
10184 1
10185 1
10186 1
10187 1
10188 1
10189 1
10190 1
10191 1
10192 1
10193 1
10194 1
10195 1
10196 1
10197 1
10198 1
10199 1
10200 1
10201 1
10202 1
10203 1
10204 1
10205 1
10206 1
10207 1
10208 1
10209 1
10210 1
10211 1
10212 1
10213 1
10214 1
10215 1
10216 1
10217 1
10218 1
10219 1
10220 1
10221 1
10222 1
10223 1
10224 1
10225 1
10226 1
10227 1
10228 1
10229 1
10230 1
10231 1
10232 1
10233 1
10234 1
10235 1
10236 1
10237 1
10238 1
10239 1
10240 1
10241 1
10242 1
10243 1
10244 1
10245 1
10246 1
10247 1
10248 1
10249 1
10250 1
10251 1
10252 1
10253 1
10254 10000
10255 1
10256 10000
10257 1
10258 10000
10259 1
10260 10000
10261 1
10262 10000
10263 1
10264 10000
10265 1
10266 10000
10267 1
10268 10000
10269 1
10270 10000
10271 1
10272 10000
10273 1
10274 10000
10275 1
10276 10000
10277 1
10278 10000
10279 1
10280 1
10281 1
10282 1
10283 1
10284 1
10285 1
10286 1
10287 1
10288 1
10289 1
10290 1
10291 1
10292 1
10293 1
10294 1
10295 1
10296 1
10297 1
10298 1
10299 1
10300 1
10301 1
10302 1
10303 1
10304 1
10305 1
10306 1
10307 1
10308 1
10309 1
10310 1
10311 1
10312 1
10313 1
10314 1
10315 1
10316 1
10317 1
10318 1
10319 1
10320 1
10321 1
10322 1
10323 1
10324 1
10325 1
10326 1
10327 1
10328 1
10329 1
10330 1
10331 1
10332 1
10333 1
10334 1
10335 1
10336 1
10337 1
10338 1
10339 1
10340 1
10341 1
10342 1
10343 1
10344 1
10345 1
10346 1
10347 1
10348 1
10349 1
10350 1
10351 1
10352 1
10353 1
10354 1
10355 1
10356 1
10357 1
10358 1
10359 1
10360 1
10361 1
10362 1
10363 1
10364 1
10365 1
10366 1
10367 1
10368 1
10369 1
10370 1
10371 1
10372 1
10373 1
10374 1
10375 1
10376 1
10377 1
10378 1
10379 1
10380 1
10381 1
10382 1
10383 1
10384 1
10385 1
10386 1
10387 1
10388 1
10389 1
10390 1
10391 1
10392 1
10393 1
10394 1
10395 1
10396 1
10397 1
10398 1
10399 1
10400 1
10401 1
10402 1
10403 1
10404 1
10405 1
10406 1
10407 1
10408 1
10409 1
10410 1
10411 1
10412 1
10413 1
10414 1
10415 1
10416 1
10417 1
10418 1
10419 1
10420 1
10421 1
10422 1
10423 1
10424 1
10425 1
10426 1
10427 1
10428 1
10429 1
10430 1
10431 1
10432 1
10433 1
10434 1
10435 1
10436 1
10437 1
10438 1
10439 1
10440 1
10441 1
10442 1
10443 1
10444 1
10445 1
10446 1
10447 1
10448 1
10449 1
10450 1
10451 1
10452 1
10453 1
10454 1
10455 1
10456 1
10457 1
10458 1
10459 1
10460 1
10461 1
10462 1
10463 1
10464 1
10465 1
10466 1
10467 1
10468 1
10469 1
10470 1
10471 1
10472 1
10473 1
10474 1
10475 1
10476 1
10477 1
10478 1
10479 1
10480 1
10481 1
10482 1
10483 1
10484 1
10485 1
10486 1
10487 1
10488 1
10489 1
10490 1
10491 1
10492 1
10493 1
10494 1
10495 1
10496 1
10497 1
10498 1
10499 1
10500 1
10501 1
10502 1
10503 1
10504 1
10505 1
10506 1
10507 1
10508 1
10509 1
10510 1
10511 1
10512 1
10513 1
10514 1
10515 1
10516 1
10517 1
10518 1
10519 1
10520 1
10521 1
10522 1
10523 1
10524 1
10525 1
10526 1
10527 1
10528 1
10529 1
10530 1
10531 1
10532 1
10533 1
10534 1
10535 1
10536 1
10537 1
10538 1
10539 1
10540 1
10541 1
10542 1
10543 1
10544 1
10545 1
10546 1
10547 275
10548 275
10549 275
10550 275
10551 375
10552 100
10553 150
10554 150
10555 375
10556 1
10557 1
10558 1
10559 1
10560 1
10561 1
10562 1
10563 1
10564 1
10565 1
10566 1
10567 1
10568 1
10569 1
10570 1
10571 1
10572 1
10573 1
10574 1
10575 1
10576 1
10577 1
10578 1
10579 1
10580 1
10581 20000
10582 1
10583 1
10584 1
10585 1
10586 1
10587 1
10588 1
10589 1
10590 1
10591 1
10592 1
10593 1
10594 1
10595 1
10596 1
10597 1
10598 1
10599 1
10600 1
10601 1
10602 1
10603 1
10604 1
10605 1
10606 1
10607 1
10608 1000
10609 15000
10610 1
10611 1
10612 1
10613 1
10614 1
10615 630
10616 630
10617 630
10618 3840
10619 10000
10620 12000
10621 1
10622 1
10623 1
10624 300
10625 1
10626 1
10627 1
10628 1
10629 1
10630 1
10631 1
10632 1
10633 1
10634 1
10635 675
10636 1
10637 1
10638 50
10639 99000
10640 99000
10641 99000
10642 99000
10643 99000
10644 1
10645 99000
10646 99000
10647 99000
10648 1
10649 99000
10650 99000
10651 99000
10652 99000
10653 99000
10654 99000
10655 99000
10656 99000
10657 1
10658 99000
10659 99000
10660 1
10661 99000
10662 99000
10663 1
10664 1
10665 1
10666 1
10667 1
10668 1
10669 1
10670 1
10671 1
10672 1
10673 1
10674 1
10675 1
10676 1
10677 1
10678 1
10679 1
10680 1
10681 1
10682 1
10683 1
10684 1
10685 1
10686 1
10687 1
10688 1
10689 1
10690 1
10691 1
10692 1
10693 1
10694 1
10695 1
10696 1
10697 1
10698 1
10699 1
10700 1
10701 1
10702 1
10703 1
10704 1
10705 1
10706 1
10707 1
10708 1
10709 1
10710 1
10711 1
10712 1
10713 1
10714 1
10715 1
10716 1
10717 1
10718 1
10719 1
10720 1
10721 1
10722 1
10723 1
10724 1
10725 1
10726 1
10727 1
10728 1
10729 1
10730 1
10731 1
10732 1
10733 1
10734 1
10735 1
10736 1
10737 1
10738 1
10739 1
10740 1
10741 1
10742 1
10743 1
10744 1
10745 1
10746 1
10747 1
10748 1
10749 1
10750 1
10751 1
10752 1
10753 1
10754 1
10755 1
10756 1
10757 1
10758 1
10759 1
10760 1
10761 1
10762 1
10763 1
10764 1
10765 1
10766 1
10767 1
10768 1
10769 1
10770 1
10771 1
10772 1
10773 1
10774 1
10775 1
10776 1
10777 1
10778 1
10779 1
10780 1
10781 1
10782 1
10783 1
10784 1
10785 1
10786 1
10787 1
10788 1
10789 1
10790 1
10791 1
10792 1
10793 1
10794 1
10795 1
10796 1
10797 1
10798 1
10799 1
10800 1
10801 1
10802 1
10803 1
10804 1
10805 1
10806 1
10807 1
10808 1
10809 1
10810 1
10811 1
10812 1
10813 1
10814 2
10815 2
10816 2
10817 2
10818 50
10819 50
10820 110
10821 110
10822 1
10823 1
10824 1
10825 1
10826 1
10827 1
10828 50000
10829 1
10830 1
10831 1
10832 1
10833 1
10834 1
10835 1
10836 1
10837 1
10838 1
10839 1
10840 1
10841 1
10842 1
10843 50000
10844 1
10845 1
10846 1
10847 1
10848 1
10849 1
10850 1
10851 1
10852 1
10853 1
10854 1
10855 1
10856 40
10857 1
10858 1
10859 1
10860 1
10861 1
10862 1
10863 1
10864 1
10865 1
10866 1
10867 1
10868 1
10869 1
10870 1
10871 1
10872 1
10873 1
10874 1
10875 1
10876 1
10877 1
10878 1
10879 1
10880 1
10881 1
10882 1
10883 1
10884 1
10885 1
10886 1
10887 1
10888 1
10889 1
10890 1
10891 1
10892 1
10893 1
10894 1
10895 1
10896 1
10897 1
10898 1
10899 1
10900 1
10901 1
10902 1
10903 1
10904 1
10905 1
10906 1
10907 1
10908 1
10909 1
10910 1
10911 1
10912 1
10913 1
10914 1
10915 1
10916 1
10917 1
10918 1
10919 1
10920 1
10921 1
10922 1
10923 1
10924 1
10925 1
10926 1
10927 1
10928 1
10929 1
10930 1
10931 1
10932 1
10933 1
10934 1
10935 1
10936 1
10937 1
10938 1
10939 1
10940 1
10941 1
10942 1
10943 1
10944 1
10945 1
10946 1
10947 1
10948 1
10949 1
10950 1
10951 1
10952 150
10953 150
10954 1000
10955 1000
10956 900
10957 900
10958 200
10959 200
10960 10
10961 10
10962 10
10963 1
10964 10
10965 1
10966 1
10967 1
10968 1
10969 1
10970 1
10971 1
10972 2
10973 1
10974 1
10975 1
10976 1
10977 1
10978 1
10979 1
10980 1
10981 1
10982 1
10983 1
10984 1
10985 1
10986 1
10987 1
10988 1
10989 1
10990 1
10991 1
10992 1
10993 1
10994 1
10995 1
10996 1
10997 1
10998 1
10999 1
11000 1
11001 1
11002 1
11003 1
11004 1
11005 1
11006 1
11007 1
11008 1
11009 1
11010 1
11011 1
11012 1
11013 1
11014 1
11015 1
11016 1
11017 1
11018 1
11019 1
11020 1
11021 1
11022 1
11023 1
11024 1
11025 1
11026 1
11027 1
11028 1
11029 1
11030 1
11031 1
11032 1
11033 1
11034 1
11035 1
11036 1
11037 1
11038 1
11039 1
11040 1
11041 1
11042 1
11043 1
11044 1
11045 1
11046 23
11047 1
11048 1
11049 1
11050 1
11051 1
11052 1
11053 1
11054 1
11055 1
11056 1
11057 1
11058 1
11059 1
11060 2
11061 1
11062 1
11063 1
11064 1
11065 5
11066 5
11067 1
11068 1
11069 1
11070 1
11071 1
11072 1
11073 1
11074 1
11075 1
11076 1
11077 1
11078 1
11079 1
11080 1
11081 1
11082 1
11083 1
11084 1
11085 1
11086 1
11087 1
11088 1
11089 1
11090 1
11091 1
11092 1
11093 1
11094 1
11095 1
11096 1
11097 1
11098 1
11099 1
11100 1
11101 1
11102 1
11103 1
11104 1
11105 1
11106 1
11107 1
11108 1
11109 1
11110 1
11111 1
11112 1
11113 1
11114 1
11115 1
11116 1
11117 1
11118 1
11119 1
11120 1
11121 1
11122 1
11123 1
11124 1
11125 1
11126 1
11127 1
11128 1
11129 1
11130 1
11131 1
11132 1
11133 1
11134 1
11135 1
11136 1
11137 1
11138 1
11139 1
11140 1
11141 1
11142 1
11143 1
11144 1
11145 1
11146 1
11147 1
11148 1
11149 1
11150 1
11151 1
11152 1
11153 1
11154 1
11155 1
11156 1
11157 1
11158 1
11159 1
11160 1
11161 1
11162 1
11163 1
11164 1
11165 1
11166 1
11167 1
11168 1
11169 50
11170 50
11171 50
11172 50
11173 1
11174 1
11175 1
11176 1
11177 1
11178 1
11179 1
11180 1
11181 1
11182 1
11183 1
11184 1
11185 1
11186 1
11187 1
11188 1
11189 1
11190 1
11191 1
11192 1
11193 1
11194 1
11195 1
11196 1
11197 1
11198 1
11199 1
11200 1
11201 1
11202 1
11203 1
11204 1
11205 1
11206 1
11207 1
11208 1
11209 1
11210 1
11211 1
11212 1
11213 1
11214 1
11215 1
11216 1
11217 1
11218 1
11219 1
11220 1
11221 1
11222 1
11223 1
11224 1
11225 1
11226 1
11227 1
11228 1
11229 1
11230 1
11231 1
11232 1
11233 1
11234 1
11235 1
11236 1
11237 1
11238 1
11239 1
11240 1
11241 1
11242 1
11243 1
11244 1
11245 1
11246 1
11247 1
11248 1
11249 1
11250 1
11251 1
11252 1
11253 1
11254 1
11255 1
11256 1
11257 1
11258 1
11259 1
11260 1
11261 1
11262 1
11263 1
11264 1
11265 1
11266 1
11267 1
11268 1
11269 1
11270 1
11271 1
11272 1
11273 1
11274 1
11275 1
11276 1
11277 1
11278 1
11279 1
11280 1
11281 1
11282 1
11283 1
11284 1
11285 1
11286 1
11287 1
11288 1
11289 1
11290 1
11291 1
11292 1
11293 1
11294 1
11295 1
11296 1
11297 1
11298 1
11299 1
11300 1
11301 1
11302 1
11303 1
11304 1
11305 1
11306 1
11307 1
11308 1
11309 1
11310 1
11311 1
11312 1
11313 1
11314 1
11315 1
11316 1
11317 1
11318 1
11319 1
11320 1
11321 1
11322 1
11323 1
11324 1
11325 1
11326 1
11327 1
11328 1
11329 1
11330 1
11331 1
11332 1
11333 1
11334 1
11335 1
11336 1
11337 1
11338 1
11339 1
11340 1
11341 1
11342 1
11343 1
11344 1
11345 1
11346 1
11347 1
11348 1
11349 1
11350 1
11351 1
11352 1
11353 1
11354 1
11355 1
11356 1
11357 1
11358 1
11359 1
11360 1
11361 1
11362 1
11363 1
11364 1
11365 1
11366 1
11367 1
11368 1
11369 1
11370 1
11371 1
11372 1
11373 1
11374 1
11375 1
11376 1
11377 1
11378 1
11379 1
11380 1
11381 1
11382 1
11383 1
11384 1
11385 1
11386 1
11387 1
11388 1
11389 1
11390 1
11391 1
11392 1
11393 1
11394 1
11395 1
11396 1
11397 1
11398 1
11399 1
11400 1
11401 1
11402 1
11403 1
11404 1
11405 1
11406 1
11407 1
11408 1
11409 1
11410 1
11411 1
11412 1
11413 1
11414 1
11415 1
11416 1
11417 1
11418 1
11419 1
11420 1
11421 1
11422 1
11423 1
11424 1
11425 1
11426 1
11427 1
11428 1
11429 1
11430 1
11431 1
11432 1
11433 1
11434 1
11435 1
11436 1
11437 1
11438 1
11439 1
11440 1
11441 1
11442 1
11443 1
11444 1
11445 1
11446 1
11447 1
11448 1
11449 1
11450 1
11451 1
11452 1
11453 1
11454 1
11455 1
11456 1
11457 1
11458 1
11459 1
11460 1
11461 1
11462 1
11463 1
11464 1
11465 1
11466 1
11467 1
11468 1
11469 1
11470 1
11471 1
11472 1
11473 1
11474 1
11475 1
11476 1
11477 1
11478 1
11479 1
11480 1
11481 1
11482 1
11483 1
11484 1
11485 1
11486 1
11487 1
11488 1
11489 1
11490 1
11491 1
11492 1
11493 1
11494 1
11495 1
11496 1
11497 1
11498 1
11499 1
11500 1
11501 1
11502 1
11503 1
11504 1
11505 1
11506 1
11507 1
11508 1
11509 1
11510 1
11511 1
11512 1
11513 1
11514 1
11515 1
11516 1
11517 1
11518 1
11519 1
11520 1
11521 1
11522 1
11523 1
11524 1
11525 1
11526 1
11527 1
11528 1
11529 1
11530 1
11531 1
11532 1
11533 1
11534 1
11535 1
11536 1
11537 1
11538 1
11539 1
11540 1
11541 1
11542 1
11543 1
11544 1
11545 1
11546 1
11547 1
11548 1
11549 1
11550 1
11551 1
11552 1
11553 1
11554 1
11555 1
11556 1
11557 1
11558 1
11559 1
11560 1
11561 1
11562 1
11563 1
11564 1
11565 1
11566 1
11567 1
11568 1
11569 1
11570 1
11571 1
11572 1
11573 1
11574 1
11575 1
11576 1
11577 1
11578 1
11579 1
11580 1
11581 1
11582 1
11583 1
11584 1
11585 1
11586 1
11587 1
11588 1
11589 1
11590 1
11591 1
11592 1
11593 1
11594 1
11595 1
11596 1
11597 1
11598 1
11599 1
11600 1
11601 1
11602 1
11603 1
11604 1
11605 1
11606 1
11607 1
11608 1
11609 1
11610 1
11611 1
11612 1
11613 1
11614 1
11615 1
11616 1
11617 1
11618 1
11619 1
11620 1
11621 1
11622 1
11623 1
11624 1
11625 1
11626 1
11627 1
11628 1
11629 1
11630 1
11631 1
11632 1
11633 1
11634 1
11635 1
11636 1
11637 1
11638 1
11639 1
11640 1
11641 1
11642 1
11643 1
11644 1
11645 1
11646 1
11647 1
11648 1
11649 1
11650 1
11651 1
11652 1
11653 1
11654 1
11655 1
11656 1
11657 1
11658 1
11659 1
11660 1
11661 1
11662 1
11663 1
11664 1
11665 1
11666 1
11667 1
11668 1
11669 1
11670 1
11671 1
11672 1
11673 1
11674 1
11675 1
11676 1
11677 1
11678 1
11679 1
11680 1
11681 1
11682 1
11683 1
11684 1
11685 1
11686 4
11687 4
11688 4
11689 4
11690 3
11691 3
11692 180
11693 1
11694 90
11695 250
11696 50
11697 550
11698 410
11699 220
11700 6
11701 5
11702 12
11703 76
11704 1
11705 65
11706 65
11707 45
11708 45
11709 45
11710 26
11711 1
11712 90
11713 180
11714 550
11715 4
11716 4
11717 4
11718 4
11719 32000
11720 1300
11721 1
11722 1000
11723 1000
11724 1000
11725 1000
11726 250
11727 250
11728 250
11729 250
11730 1500
11731 1500
11732 1500
11733 1500
11734 1000
11735 1000
11736 1000
11737 1000
11738 9500
11739 9500
11740 775
11741 1
11742 1
11743 1
11744 1
11745 1
11746 1
11747 1
11748 900000
11749 900000
11750 900000
11751 900000
11752 900000
11753 900000
11754 900000
11755 900000
11756 900000
11757 900000
11758 900000
11759 750000
11760 750000
11761 750000
11762 750000
11763 750000
11764 750000
11765 750000
11766 750000
11767 750000
11768 750000
11769 750000
11770 650000
11771 650000
11772 650000
11773 1
11774 1250000
11775 1250000
11776 1250000
11777 1250000
11778 1250000
11779 1250000
11780 1250000
11781 1250000
11782 1250000
11783 1250000
11784 1250000
11785 1
11786 1
11787 1
11788 1
11789 1
11790 1
11791 1
11792 1
11793 1
11794 1
11795 1
11796 1
11797 1
11798 1
11799 1
11800 1
11801 1
11802 1
11803 1
11804 1
11805 1
11806 1
11807 1
11808 1
11809 1
11810 1
11811 1
11812 1
11813 1
11814 1
11815 1
11816 1
11817 1
11818 1
11819 1
11820 1
11821 1
11822 1
11823 1
11824 1
11825 1
11826 1
11827 1
11828 1
11829 1
11830 1
11831 1
11832 1
11833 1
11834 1
11835 1
11836 1
11837 1
11838 1
11839 1
11840 1
11841 1
11842 1
11843 1
11844 1
11845 1
11846 1
11847 1
11848 1
11849 1
11850 1
11851 1
11852 1
11853 1
11854 1
11855 1
11856 60
11857 60
11858 1
11859 1
11860 1
11861 1
11862 1
11863 1
11864 1
11865 1250000
11866 1
11867 1
11868 1
11869 1
11870 1
11871 1
11872 1
11873 1
11874 1
11875 1
11876 1
11877 200
11878 200
11879 1
11880 1
11881 200
11882 200
11883 300
11884 300
11885 1
11886 1
11887 1
11888 1
11889 1
11890 1
11891 100
11892 1000
11893 1
11894 1
11895 1
11896 1
11897 1
11898 1
11899 1
11900 1
11901 1
11902 1
11903 1
11904 1
11905 1
11906 1
11907 1
11908 1
11909 1
11910 1
11911 1
11912 1
11913 1
11914 1
11915 1
11916 1
11917 1
11918 1
11919 1
11920 1
11921 1
11922 1
11923 1
11924 1
11925 1
11926 1
11927 1
11928 1
11929 1
11930 1
11931 1
11932 1
11933 1
11934 1
11935 1
11936 1
11937 1
11938 1
11939 1
11940 1
11941 150000
11942 1
11943 1
11944 1
11945 1
11946 1
11947 1
11948 1
11949 1
11950 1
11951 1
11952 1
11953 1
11954 1
11955 1
11956 1
11957 1
11958 1
11959 1
11960 1
11961 1
11962 1
11963 1
11964 1
11965 1
11966 1
11967 1
11968 1
11969 1
11970 1
11971 1
11972 1
11973 1
11974 1
11975 1
11976 1
11977 1
11978 1
11979 1
11980 1
11981 1
11982 1
11983 1
11984 1
11985 1
11986 1
11987 1
11988 1
11989 1
11990 1
11991 1
11992 1
11993 1
11994 1
11995 1
11996 1
11997 1
11998 1
11999 1
12000 1
12001 1
12002 1
12003 1
12004 1
12005 1
12006 1
12007 1
12008 1
12009 10
12010 10
12011 1
12012 1
12013 40
12014 1
12015 1
12016 1
12017 800000
12018 800000
12019 100
12020 100
12021 10000
12022 1
12023 10000
12024 1
12025 10000
12026 1
12027 10000
12028 1
12029 10000
12030 1
12031 10000
12032 1
12033 10000
12034 1
12035 10000
12036 1
12037 10000
12038 1
12039 10000
12040 1
12041 10000
12042 1
12043 10000
12044 1
12045 10000
12046 1
12047 10000
12048 1
12049 10000
12050 1
12051 10000
12052 1
12053 10000
12054 1
12055 10000
12056 1
12057 10000
12058 1
12059 10000
12060 1
12061 10000
12062 1
12063 10000
12064 1
12065 10000
12066 1
12067 10000
12068 1
12069 10000
12070 1
12071 10000
12072 1
12073 1
12074 1
12075 1
12076 1
12077 1
12078 1
12079 1
12080 1
12081 1
12082 1
12083 1
12084 1
12085 1
12086 1
12087 1
12088 1
12089 1
12090 1
12091 1
12092 1
12093 1
12094 1
12095 1
12096 1
12097 1
12098 1
12099 1
12100 1
12101 1
12102 1
12103 1
12104 1
12105 1
12106 1
12107 1
12108 1
12109 1
12110 1
12111 1
12112 1
12113 1
12114 1
12115 1
12116 1
12117 1
12118 1
12119 1
12120 1
12121 1
12122 1
12123 1
12124 1
12125 1
12126 1
12127 1
12128 1
12129 1
12130 1
12131 1
12132 1
12133 1
12134 1
12135 1
12136 1
12137 1
12138 1
12139 1
12140 1
12141 1
12142 1
12143 1
12144 1
12145 1
12146 1
12147 1
12148 1
12149 1
12150 1
12151 1
12152 1
12153 1
12154 1
12155 1
12156 1
12157 1
12158 1
12159 1
12160 1
12161 1
12162 1
12163 1
12164 1
12165 1
12166 1
12167 1
12168 1
12169 1
12170 1
12171 1
12172 1
12173 1
12174 1
12175 1
12176 1
12177 1
12178 1
12179 1
12180 1
12181 1
12182 1
12183 1
12184 1
12185 1
12186 1
12187 1
12188 1
12189 1
12190 1
12191 1
12192 1
12193 1
12194 1
12195 1
12196 1
12197 1
12198 1
12199 1
12200 1
12201 1
12202 1
12203 1
12204 1
12205 1
12206 1
12207 1
12208 1
12209 1
12210 1
12211 44
12212 44
12213 1
12214 1
12215 1
12216 1
12217 1
12218 1
12219 1
12220 1
12221 44
12222 44
12223 1
12224 1
12225 560
12226 560
12227 1
12228 1
12229 1
12230 1
12231 1
12232 1
12233 1
12234 1
12235 560
12236 560
12237 1
12238 1
12239 1
12240 1
12241 1
12242 1
12243 1
12244 1
12245 1
12246 1
12247 1
12248 1
12249 1
12250 1
12251 1
12252 1
12253 1
12254 1
12255 1
12256 1
12257 1
12258 1
12259 1
12260 1
12261 1
12262 1
12263 1
12264 1
12265 1
12266 1
12267 1
12268 1
12269 1
12270 1
12271 1
12272 1
12273 1
12274 1
12275 1
12276 1
12277 1
12278 1
12279 1
12280 1
12281 1
12282 1
12283 1
12284 1
12285 1
12286 1
12287 1
12288 1
12289 1
12290 1
12291 1
12292 1
12293 1
12294 1
12295 1
12296 1
12297 1
12298 1
12299 1
12300 1
12301 1
12302 1
12303 1
12304 1
12305 1
12306 1
12307 1
12308 1
12309 1
12310 1
12311 1
12312 1
12313 1
12314 1
12315 1
12316 1
12317 1
12318 1
12319 1
12320 1
12321 1
12322 1
12323 1
12324 1
12325 1
12326 1
12327 1
12328 1
12329 1
12330 1
12331 1
12332 1
12333 1
12334 1
12335 1
12336 1
12337 1
12338 1
12339 1
12340 1
12341 1
12342 1
12343 1
12344 1
12345 1
12346 1
12347 1
12348 1
12349 1
12350 1
12351 1
12352 1
12353 1
12354 1
12355 1
12356 1
12357 1
12358 1
12359 1
12360 1
12361 1
12362 1
12363 1
12364 1
12365 1
12366 1
12367 1
12368 1
12369 1
12370 1
12371 1
12372 1
12373 1
12374 1
12375 1
12376 1
12377 1
12378 1
12379 1
12380 1
12381 1
12382 1
12383 1
12384 1
12385 1
12386 1
12387 1
12388 1
12389 1
12390 1
12391 1
12392 1
12393 1
12394 1
12395 1
12396 1
12397 1
12398 1
12399 1
12400 1
12401 1
12402 1
12403 1
12404 1
12405 1
12406 1
12407 1
12408 1
12409 1
12410 1
12411 1
12412 1
12413 1
12414 1
12415 1
12416 1
12417 1
12418 1
12419 1
12420 1
12421 1
12422 1
12423 1
12424 1
12425 1
12426 1
12427 1
12428 1
12429 1
12430 1
12431 1
12432 1
12433 1
12434 1
12435 1
12436 1
12437 1
12438 1
12439 1
12440 1
12441 1
12442 1
12443 1
12444 1
12445 2
12446 2
12447 2
12448 2
12449 1
12450 1
12451 1
12452 1
12453 1
12454 1
12455 1
12456 1
12457 1
12458 1
12459 1
12460 1
12461 1
12462 1
12463 1
12464 1
12465 1
12466 1
12467 1
12468 1
12469 1
12470 1
12471 1
12472 1
12473 1
12474 1
12475 1
12476 1
12477 1
12478 1
12479 1
12480 1
12481 1
12482 1
12483 1
12484 1
12485 1
12486 1
12487 1
12488 1
12489 1
12490 1
12491 1
12492 1
12493 1
12494 1
12495 1
12496 1
12497 1
12498 1
12499 1
12500 1
12501 1
12502 1
12503 1
12504 1
12505 1
12506 1
12507 1
12508 1
12509 1
12510 1
12511 1
12512 1
12513 1
12514 1
12515 1
12516 1
12517 1
12518 1
12519 1
12520 1
12521 1
12522 1
12523 1
12524 1
12525 1
12526 1
12527 1
12528 1
12529 1
12530 1
12531 1
12532 1
12533 1
12534 1
12535 1
12536 1
12537 1
12538 1
12539 1
12540 1
12541 1
12542 1
12543 1
12544 1
12545 1
12546 1
12547 1
12548 1
12549 1
12550 1
12551 1
12552 1
12553 1
12554 1
12555 1
12556 1
12557 1
12558 1
12559 1
12560 1
12561 1
12562 1
12563 1
12564 1
12565 1
12566 1
12567 1
12568 1
12569 1
12570 1
12571 1
12572 1
12573 1
12574 1
12575 1
12576 1
12577 1
12578 1
12579 1
12580 1
12581 1
12582 1
12583 1
12584 1
12585 1
12586 1
12587 1
12588 1
12589 1
12590 1
12591 1
12592 1
12593 1
12594 1
12595 1
12596 1
12597 1
12598 1
12599 1
12600 1
12601 1
12602 1
12603 1
12604 1
12605 1
12606 1
12607 1
12608 5000
12609 1
12610 5000
12611 1
12612 5000
12613 1
12614 1
12615 1
12616 1
12617 1
12618 1
12619 1
12620 1
12621 1
12622 1
12623 1
12624 1
12625 1
12626 1
12627 1
12628 1
12629 1
12630 1
12631 1
12632 1
12633 1
12634 1
12635 1
12636 1
12637 300
12638 300
12639 300
12640 0
12641 1
12642 1
12643 1
12644 1
12645 1
12646 1
12647 1
12648 1
12649 1
12650 1
12651 1
12652 1
12653 1
12654 1
12655 1
12656 1
12657 1
12658 1
12659 1
12660 1
12661 1
12662 1
12663 1
12664 1
12665 1
12666 1
12667 1
12668 1
12669 1
12670 1
12671 1
12672 1
12673 1
12674 1
12675 1
12676 1
12677 1
12678 1
12679 1
12680 1
12681 1
12682 1
12683 1
12684 1
12685 1
12686 1
12687 1
12688 1
12689 1
12690 1
12691 650000
12692 650000
12693 1
12694 1
12695 1
12696 1
12697 1
12698 1
12699 1
12700 1
12701 1
12702 1
12703 1
12704 1
12705 1
12706 1
12707 1
12708 1
12709 1
12710 1
12711 1
12712 1
12713 1
12714 1
12715 1
12716 1
12717 1
12718 1
12719 1
12720 1
12721 1
12722 1
12723 1
12724 1
12725 1
12726 1
12727 225
12728 430
12729 430
12730 430
12731 430
12732 430
12733 430
12734 430
12735 430
12736 330
12737 330
12738 9950
12739 9950
12740 606
12741 606
12742 3840
12743 3840
12744 72000
12745 72000
12746 1
12747 1
12748 1
12749 1
12750 1
12751 1
12752 1
12753 1
12754 1
12755 1
12756 1
12757 500000
12758 500000
12759 500000
12760 500000
12761 500000
12762 500000
12763 500000
12764 500000
12765 1
12766 1
12767 1
12768 1
12769 500000
12770 500000
12771 500000
12772 500000
12773 1
12774 1
12775 10000
12776 10000
12777 10000
12778 10000
12779 10000
12780 10000
12781 10000
12782 10000
12783 50000
12784 50000
12785 1
12786 100000
12787 100000
12788 1
12789 100000
12790 100000
12791 1200000
12792 1
12793 1
12794 1
12795 1
12796 1
12797 1
12798 250000
12799 250000
12800 300000
12801 300000
12802 350000
12803 350000
12804 25000000
12805 25000000
12806 1
12807 1
12808 1
12809 1
12810 1
12811 1
12812 1
12813 1
12814 1
12815 1
12816 1
12817 1
12818 1
12819 1
12820 1
12821 1
12822 1
12823 1
12824 1
12825 1
12826 1
12827 1
12828 1
12829 1
12830 1
12831 1
12832 1
12833 1
12834 1
12835 1
12836 1
12837 1
12838 1
12839 1
12840 1
12841 1
12842 1
12843 1
12844 1
12845 1
12846 8000000
12847 8000000
12848 1
12849 250000
12850 250000
12851 1
12852 1
12853 1
12854 1
12855 2500000
12856 2500000
12857 3471
12858 3471
12859 300
12860 300
12861 1
12862 1
12863 1
12864 1
12865 1
12866 1
12867 1
12868 1
12869 1
12870 1
12871 1
12872 1
12873 1
12874 1
12875 1
12876 1
12877 1
12878 1
12879 1
12880 1
12881 1
12882 1
12883 1
12884 1
12885 1
12886 1
12887 1
12888 1
12889 1
12890 1
12891 1
12892 1
12893 1
12894 1
12895 1
12896 1
12897 1
12898 1
12899 1
12900 1
12901 1
12902 1
12903 1
12904 1
12905 1
12906 1
12907 1
12908 1
12909 1
12910 1
12911 1
12912 1
12913 1
12914 1
12915 1
12916 1
12917 1
12918 1
12919 1
12920 1
12921 1
12922 1
12923 1
12924 1
12925 1
12926 1
12927 1
12928 1
12929 1
12930 1
12931 1
12932 1
12933 1
12934 1
12935 1
12936 1
12937 1
12938 1
12939 1
12940 1
12941 1
12942 1
12943 1
12944 1
12945 1
12946 1
12947 1
12948 1
12949 1
12950 1
12951 1
12952 1
12953 1
12954 1
12955 1
12956 1
12957 1
12958 1
12959 1
12960 1
12961 1
12962 1
12963 1
12964 1
12965 1
12966 1
12967 1
12968 1
12969 1
12970 1
12971 1
12972 1
12973 1
12974 1
12975 1
12976 1
12977 1
12978 1
12979 1
12980 1
12981 1
12982 1
12983 1
12984 1
12985 1
12986 1
12987 1
12988 1
12989 1
12990 1
12991 1
12992 1
12993 1
12994 1
12995 1
12996 1
12997 1
12998 1
12999 1
13000 1
13001 1
13002 1
13003 1
13004 1
13005 1
13006 1
13007 1
13008 1
13009 1
13010 1
13011 1
13012 1
13013 1
13014 1
13015 1
13016 1
13017 1
13018 1
13019 1
13020 1
13021 1
13022 1
13023 1
13024 1
13025 1
13026 1
13027 1
13028 1
13029 1
13030 1
13031 1
13032 1
13033 1
13034 1
13035 1
13036 1
13037 1
13038 1
13039 1
13040 1
13041 1
13042 1
13043 1
13044 1
13045 1
13046 1
13047 1
13048 1
13049 1
13050 1
13051 1
13052 1
13053 1
13054 1
13055 1
13056 1
13057 1
13058 1
13059 1
13060 1
13061 1
13062 1
13063 1
13064 1
13065 1
13066 1
13067 1
13068 99000
13069 99000
13070 99000
13071 1
13072 1
13073 1
13074 1
13075 1
13076 1
13077 1
13078 1
13079 1
13080 1
13081 1
13082 1
13083 1
13084 1
13085 1
13086 1
13087 1
13088 1
13089 1
13090 1
13091 1
13092 1
13093 1
13094 1
13095 1
13096 1
13097 1
13098 1
13099 1
13100 1
13101 1
13102 1
13103 1
13104 1
13105 1
13106 1
13107 1
13108 1
13109 1
13110 1
13111 1
13112 1
13113 1
13114 1
13115 1
13116 1
13117 1
13118 1
13119 1
13120 1
13121 1
13122 1
13123 1
13124 1
13125 1
13126 1
13127 1
13128 1
13129 1
13130 1
13131 1
13132 1
13133 1
13134 1
13135 1
13136 1
13137 1
13138 1
13139 1
13140 1
13141 1
13142 1
13143 1
13144 1
13145 1
13146 1
13147 1
13148 1
13149 1
13150 1
13151 1
13152 1
13153 1
13154 1
13155 1
13156 1
13157 1
13158 1
13159 1
13160 1
13161 1
13162 1
13163 1
13164 1
13165 1
13166 1
13167 1
13168 1
13169 1
13170 1
13171 1
13172 1
13173 1
13174 1
13175 1
13176 1
13177 1
13178 1
13179 1
13180 1
13181 1
13182 1
13183 1
13184 1
13185 1
13186 1
13187 1
13188 750
13189 1
13190 1
13191 1
13192 1
13193 350
13194 350
13195 1
13196 1
13197 1
13198 1
13199 1
13200 1
13201 1
13202 1
13203 1
13204 1
13205 1
13206 1
13207 1
13208 1
13209 1
13210 1
13211 1
13212 1
13213 1
13214 1
13215 1
13216 1
13217 1
13218 1
13219 1
13220 1
13221 1
13222 1
